247517.6230034537
5.8841739840625465E7
3.874933459957168E9
3.745844579740514E11
3.743842376914013E11
3.74385007308212E11
3.743850073082204E11
3.743857769258219E11
3.7438577692583E11
3.743865465442229E11
3.7438654654423096E11
3.743873161634151E11
3.7438731616342346E11
3.7438808578339844E11
3.7438808578340607E11
3.743888554041722E11
3.7438885540417975E11
3.7438962502573663E11
3.743896250257445E11
3.743903946480926E11
3.7439039464810034E11
3.7439116427123944E11
3.743911642712472E11
3.7439193389517725E11
3.743919338951852E11
3.7439270351990594E11
3.743927035199137E11
3.7439347314542596E11
3.743934731454334E11
3.7439424277173663E11
3.7439424277174445E11
3.7439501239883875E11
3.7439501239884656E11
3.743957820267322E11
3.743957820267403E11
3.7439655165541656E11
3.7439655165542474E11
3.743973212848922E11
3.743973212849004E11
3.7439809091515906E11
3.743980909151674E11
3.7439886054621716E11
3.74398860546225E11
3.743996301780656E11
3.743996301780736E11
3.744003998107049E11
3.744003998107126E11
3.74401169444135E11
3.744011694441431E11
3.7440193907835626E11
3.74401939078364E11
3.744027087133686E11
3.7440270871337634E11
3.744034783491716E11
3.744034783491794E11
3.744042479857658E11
3.7440424798577344E11
3.7440501762315094E11
3.744050176231588E11
3.744057872613273E11
3.7440578726133514E11
3.7440655690029456E11
3.7440655690030255E11
3.744073265400529E11
3.744073265400607E11
3.7440809618060266E11
3.744080961806103E11
3.7440886582194305E11
3.744088658219509E11
3.744096354640744E11
3.7440963546408234E11
3.7441040510699713E11
3.7441040510700507E11
3.7441117475071075E11
3.744111747507185E11
3.744119443952152E11
3.7441194439522314E11
3.74412714040511E11
3.74412714040519E11
3.7441348368659766E11
3.744134836866055E11
3.744142533334755E11
3.744142533334833E11
3.7441502298114453E11
3.7441502298115216E11
3.744157926296044E11
3.7441579262961206E11
3.7441656227885547E11
3.74416562278863E11
3.744173319288974E11
3.744173319289049E11
3.744181015797302E11
3.74418101579738E11
3.7441887123135425E11
3.744188712313622E11
3.7441964088376935E11
3.744196408837774E11
3.744204105369757E11
3.7442041053698334E11
3.744211801909727E11
3.744211801909804E11
3.744219498457609E11
3.744219498457688E11
3.7442271950134045E11
3.7442271950134827E11
3.7442348915771063E11
3.744234891577184E11
3.7442425881487213E11
3.7442425881488E11
3.7442502847282446E11
3.744250284728322E11
3.744257981315678E11
3.744257981315757E11
3.744265677911024E11
3.744265677911105E11
3.7442733745142804E11
3.744273374514359E11
3.744281071125446E11
3.744281071125524E11
3.7442887677445233E11
3.744288767744599E11
3.74429646437151E11
3.744296464371587E11
3.744304161006408E11
3.744304161006487E11
3.744311857649214E11
3.744311857649293E11
3.744319554299933E11
3.744319554300011E11
3.744327250958563E11
3.744327250958639E11
3.7443349476251013E11
3.744334947625179E11
3.7443426442995514E11
3.744342644299628E11
3.744350340981911E11
3.744350340981989E11
3.7443580376721826E11
3.74435803767226E11
3.744365734370364E11
3.744365734370441E11
3.7443734310764545E11
3.7443734310765326E11
3.7443811277904565E11
3.744381127790533E11
3.744388824512368E11
3.744388824512446E11
3.7443965212421924E11
3.744396521242268E11
3.744404217979924E11
3.744404217980002E11
3.7444119147255664E11
3.744411914725645E11
3.744419611479123E11
3.744419611479201E11
3.7444273082405865E11
3.7444273082406635E11
3.7444350050099603E11
3.744435005010039E11
3.744442701787247E11
3.7444427017873267E11
3.7444503985724414E11
3.74445039857252E11
3.744458095365547E11
3.744458095365627E11
3.7444657921665656E11
3.7444657921666437E11
3.7444734889754944E11
3.74447348897557E11
3.7444811857923303E11
3.7444811857924084E11
3.7444888826170776E11
3.744488882617157E11
3.744496579449737E11
3.744496579449817E11
3.7445042762903076E11
3.744504276290383E11
3.7445119731387836E11
3.744511973138865E11
3.744519669995176E11
3.744519669995253E11
3.7445273668594763E11
3.744527366859554E11
3.744535063731687E11
3.744535063731765E11
3.744542760611809E11
3.744542760611886E11
3.744550457499841E11
3.744550457499919E11
3.7445581543957837E11
3.7445581543958594E11
3.7445658512996344E11
3.7445658512997125E11
3.744573548211398E11
3.744573548211478E11
3.744581245131069E11
3.7445812451311487E11
3.7445889420586554E11
3.744588942058734E11
3.74459663899415E11
3.744596638994229E11
3.744604335937555E11
3.744604335937634E11
3.74461203288887E11
3.744612032888949E11
3.7446197298480963E11
3.7446197298481744E11
3.7446274268152325E11
3.7446274268153094E11
3.744635123790277E11
3.7446351237903595E11
3.744642820773236E11
3.744642820773313E11
3.7446505177641034E11
3.7446505177641815E11
3.744658214762882E11
3.7446582147629596E11
3.74466591176957E11
3.7446659117696484E11
3.7446736087841693E11
3.7446736087842474E11
3.744681305806677E11
3.744681305806756E11
3.744689002837098E11
3.744689002837176E11
3.744696699875429E11
3.744696699875506E11
3.744704396921668E11
3.7447043969217474E11
3.744712093975821E11
3.7447120939758966E11
3.7447197910378815E11
3.74471979103796E11
3.7447274881078546E11
3.744727488107932E11
3.744735185185735E11
3.744735185185814E11
3.744742882271531E11
3.744742882271607E11
3.7447505793652325E11
3.74475057936531E11
3.744758276466847E11
3.7447582764669257E11
3.744765973576371E11
3.744765973576449E11
3.744773670693805E11
3.744773670693884E11
3.7447813678191516E11
3.744781367819228E11
3.744789064952406E11
3.744789064952486E11
3.744796762093572E11
3.74479676209365E11
3.744804459242649E11
3.744804459242727E11
3.744812156399638E11
3.744812156399715E11
3.744819853564533E11
3.7448198535646124E11
3.7448275507373413E11
3.744827550737418E11
3.744835247918061E11
3.744835247918137E11
3.744842945106688E11
3.744842945106766E11
3.744850642303228E11
3.7448506423033044E11
3.744858339507675E11
3.744858339507754E11
3.7448660367200385E11
3.7448660367201154E11
3.744873733940309E11
3.744873733940387E11
3.744881431168489E11
3.744881431168567E11
3.744889128404579E11
3.744889128404657E11
3.744896825648582E11
3.74489682564866E11
3.7449045229004956E11
3.744904522900574E11
3.744912220160318E11
3.744912220160397E11
3.7449199174280493E11
3.744919917428128E11
3.7449276147036945E11
3.7449276147037726E11
3.744935311987248E11
3.744935311987327E11
3.7449430092787134E11
3.7449430092787915E11
3.7449507065780865E11
3.744950706578168E11
3.7449584038853735E11
3.744958403885451E11
3.74496610120057E11
3.744966101200648E11
3.744973798523677E11
3.744973798523753E11
3.7449814958546936E11
3.7449814958547705E11
3.744989193193621E11
3.7449891931936975E11
3.7449968905404584E11
3.744996890540535E11
3.7450045878952057E11
3.745004587895285E11
3.745012285257863E11
3.745012285257941E11
3.7450199826284357E11
3.7450199826285126E11
3.745027680006914E11
3.745027680006993E11
3.745035377393303E11
3.745035377393381E11
3.745043074787604E11
3.745043074787683E11
3.7450507721898157E11
3.745050772189891E11
3.745058469599938E11
3.745058469600016E11
3.7450661670179706E11
3.7450661670180444E11
3.745073864443911E11
3.745073864443989E11
3.745081561877763E11
3.745081561877843E11
3.745089259319526E11
3.745089259319603E11
3.7450969567691974E11
3.745096956769278E11
3.745104654226782E11
3.745104654226863E11
3.7451123516922797E11
3.745112351692356E11
3.7451200491656836E11
3.745120049165762E11
3.745127746646998E11
3.7451277466470764E11
3.745135444136223E11
3.745135444136301E11
3.745143141633362E11
3.7451431416334393E11
3.7451508391384064E11
3.7451508391384845E11
3.745158536651364E11
3.745158536651442E11
3.745166234172232E11
3.745166234172311E11
3.745173931701008E11
3.745173931701088E11
3.7451816292376984E11
3.745181629237776E11
3.745189326782296E11
3.745189326782377E11
3.7451970243348065E11
3.7451970243348846E11
3.745204721895226E11
3.7452047218953046E11
3.745212419463557E11
3.745212419463635E11
3.745220117039797E11
3.745220117039875E11
3.745227814623949E11
3.745227814624026E11
3.74523551221601E11
3.745235512216088E11
3.7452432098159827E11
3.7452432098160626E11
3.7452509074238635E11
3.745250907423942E11
3.7452586050396594E11
3.745258605039736E11
3.745266302663361E11
3.7452663026634393E11
3.7452740002949744E11
3.745274000295053E11
3.7452816979344995E11
3.745281697934578E11
3.7452893955819354E11
3.745289395582014E11
3.7452970932372797E11
3.745297093237358E11
3.745304790900536E11
3.7453047909006116E11
3.745312488571702E11
3.745312488571779E11
3.7453201862507764E11
3.745320186250857E11
3.7453278839377655E11
3.745327883937843E11
3.745335581632664E11
3.745335581632742E11
3.745343279335471E11
3.7453432793355475E11
3.745350977046189E11
3.7453509770462665E11
3.745358674764817E11
3.745358674764896E11
3.745366372491356E11
3.745366372491434E11
3.745374070225807E11
3.745374070225885E11
3.7453817679681665E11
3.745381767968247E11
3.7453894657184375E11
3.745389465718514E11
3.745397163476619E11
3.7453971634766956E11
3.74540486124271E11
3.7454048612427875E11
3.7454125590167126E11
3.745412559016791E11
3.7454202567986237E11
3.745420256798702E11
3.7454279545884467E11
3.745427954588525E11
3.745435652386179E11
3.7454356523862573E11
3.745443350191824E11
3.745443350191903E11
3.745451048005377E11
3.745451048005457E11
3.745458745826843E11
3.7454587458269214E11
3.745466443656217E11
3.7454664436562964E11
3.7454741414935034E11
3.7454741414935803E11
3.7454818393387E11
3.745481839338777E11
3.745489537191806E11
3.745489537191886E11
3.7454972350528217E11
3.745497235052902E11
3.745504932921749E11
3.745504932921828E11
3.745512630798588E11
3.745512630798667E11
3.7455203286833374E11
3.745520328683415E11
3.7455280265759937E11
3.7455280265760736E11
3.745535724476563E11
3.7455357244766437E11
3.745543422385042E11
3.74554342238512E11
3.745551120301433E11
3.745551120301512E11
3.745558818225733E11
3.745558818225811E11
3.7455665161579443E11
3.7455665161580225E11
3.7455742140980664E11
3.7455742140981464E11
3.745581912046099E11
3.745581912046177E11
3.74558961000204E11
3.74558961000212E11
3.745597307965893E11
3.7455973079659705E11
3.745605005937657E11
3.745605005937736E11
3.74561270391733E11
3.745612703917408E11
3.745620401904914E11
3.745620401904992E11
3.7456280999004095E11
3.7456280999004846E11
3.7456357979038135E11
3.745635797903894E11
3.7456434959151263E11
3.7456434959152057E11
3.7456511939343555E11
3.745651193934432E11
3.7456588919614905E11
3.7456588919615674E11
3.745666589996537E11
3.745666589996616E11
3.7456742880394946E11
3.7456742880395734E11
3.745681986090363E11
3.745681986090442E11
3.7456896841491406E11
3.745689684149221E11
3.745697382215829E11
3.7456973822159076E11
3.745705080290429E11
3.7457050802905084E11
3.745712778372938E11
3.7457127783730133E11
3.745720476463359E11
3.745720476463435E11
3.745728174561688E11
3.745728174561768E11
3.7457358726679297E11
3.745735872668008E11
3.7457435707820795E11
3.745743570782157E11
3.7457512689041406E11
3.7457512689042194E11
3.745758967034114E11
3.745758967034193E11
3.745766665171996E11
3.745766665172074E11
3.7457743633177893E11
3.7457743633178674E11
3.7457820614714923E11
3.7457820614715717E11
3.745789759633108E11
3.745789759633184E11
3.7457974578026294E11
3.74579745780271E11
3.745805155980066E11
3.7458051559801447E11
3.74581285416541E11
3.745812854165488E11
3.7458205523586664E11
3.745820552358745E11
3.745828250559833E11
3.745828250559913E11
3.745835948768911E11
3.745835948768989E11
3.745843646985898E11
3.745843646985976E11
3.745851345210793E11
3.7458513452108716E11
3.7458590434436017E11
3.745859043443681E11
3.7458667416843195E11
3.7458667416844006E11
3.745874439932949E11
3.745874439933028E11
3.745882138189489E11
3.745882138189568E11
3.745889836453938E11
3.745889836454016E11
3.7458975347262994E11
3.7458975347263776E11
3.7459052330065686E11
3.745905233006647E11
3.745912931294751E11
3.745912931294828E11
3.745920629590842E11
3.7459206295909204E11
3.745928327894843E11
3.745928327894922E11
3.745936026206756E11
3.7459360262068365E11
3.74594372452658E11
3.745943724526658E11
3.7459514228543115E11
3.7459514228543896E11
3.7459591211899554E11
3.7459591211900354E11
3.74596681953351E11
3.745966819533589E11
3.745974517884975E11
3.7459745178850525E11
3.7459822162443494E11
3.7459822162444275E11
3.745989914611636E11
3.745989914611713E11
3.745997612986833E11
3.7459976129869116E11
3.746005311369938E11
3.746005311370016E11
3.746013009760955E11
3.746013009761033E11
3.7460207081598834E11
3.746020708159959E11
3.7460284065667206E11
3.7460284065667993E11
3.7460361049814685E11
3.746036104981549E11
3.746043803404127E11
3.746043803404207E11
3.746051501834698E11
3.746051501834776E11
3.746059200273175E11
3.7460592002732544E11
3.7460668987195654E11
3.7460668987196454E11
3.746074597173867E11
3.7460745971739453E11
3.746082295636078E11
3.7460822956361554E11
3.746089994106202E11
3.7460899941062775E11
3.746097692584231E11
3.7460976925843085E11
3.746105391070173E11
3.7461053910702515E11
3.746113089564025E11
3.746113089564104E11
3.746120788065789E11
3.746120788065867E11
3.7461284865754626E11
3.746128486575541E11
3.746136185093047E11
3.746136185093127E11
3.746143883618541E11
3.7461438836186206E11
3.746151582151946E11
3.746151582152025E11
3.7461592806932623E11
3.746159280693339E11
3.7461669792424896E11
3.7461669792425665E11
3.7461746777996265E11
3.7461746777997034E11
3.7461823763646716E11
3.7461823763647485E11
3.746190074937628E11
3.7461900749377075E11
3.746197773518496E11
3.746197773518574E11
3.746205472107275E11
3.746205472107352E11
3.7462131707039624E11
3.746213170704043E11
3.746220869308563E11
3.746220869308642E11
3.746228567921071E11
3.74622856792115E11
3.746236266541492E11
3.746236266541568E11
3.7462439651698206E11
3.7462439651699005E11
3.7462516638060626E11
3.7462516638061414E11
3.746259362450213E11
3.746259362450293E11
3.746267061102275E11
3.746267061102352E11
3.746274759762248E11
3.746274759762326E11
3.746282458430132E11
3.746282458430211E11
3.7462901571059235E11
3.746290157106002E11
3.746297855789626E11
3.746297855789707E11
3.746305554481242E11
3.7463055544813196E11
3.7463132531807666E11
3.746313253180845E11
3.746320951888201E11
3.746320951888278E11
3.746328650603546E11
3.746328650603624E11
3.7463363493268E11
3.7463363493268805E11
3.746344048057967E11
3.746344048058047E11
3.746351746797045E11
3.7463517467971234E11
3.746359445544032E11
3.746359445544109E11
3.746367144298928E11
3.7463671442990076E11
3.7463748430617365E11
3.746374843061814E11
3.7463825418324536E11
3.746382541832533E11
3.746390240611085E11
3.746390240611164E11
3.746397939397623E11
3.7463979393977E11
3.746405638192072E11
3.74640563819215E11
3.746413336994434E11
3.746413336994512E11
3.7464210358047046E11
3.7464210358047833E11
3.746428734622885E11
3.746428734622964E11
3.7464364334489764E11
3.746436433449059E11
3.74644413228298E11
3.746444132283058E11
3.746451831124889E11
3.746451831124972E11
3.746459529974713E11
3.7464595299747943E11
3.746467228832449E11
3.746467228832527E11
3.746474927698092E11
3.746474927698169E11
3.746482626571647E11
3.746482626571724E11
3.746490325453113E11
3.7464903254531885E11
3.746498024342488E11
3.746498024342564E11
3.7465057232397736E11
3.74650572323985E11
3.7465134221449664E11
3.7465134221450476E11
3.7465211210580743E11
3.746521121058153E11
3.7465288199790906E11
3.746528819979168E11
3.7465365189080194E11
3.746536518908097E11
3.746544217844856E11
3.746544217844935E11
3.7465519167896045E11
3.746551916789682E11
3.746559615742264E11
3.7465596157423413E11
3.746567314702832E11
3.746567314702911E11
3.7465750136713116E11
3.7465750136713885E11
3.746582712647701E11
3.746582712647781E11
3.746590411632003E11
3.7465904116320807E11
3.746598110624216E11
3.7465981106242914E11
3.746605809624338E11
3.746605809624414E11
3.746613508632368E11
3.746613508632445E11
3.7466212076483093E11
3.746621207648387E11
3.746628906672163E11
3.7466289066722406E11
3.746636605703924E11
3.7466366057040045E11
3.746644304743599E11
3.7466443047436774E11
3.746652003791184E11
3.7466520037912616E11
3.746659702846678E11
3.746659702846756E11
3.7466674019100836E11
3.746667401910162E11
3.7466751009813983E11
3.746675100981477E11
3.7466828000606256E11
3.7466828000607025E11
3.746690499147761E11
3.7466904991478394E11
3.746698198242809E11
3.746698198242887E11
3.746705897345765E11
3.746705897345843E11
3.746713596456633E11
3.7467135964567114E11
3.746721295575411E11
3.74672129557549E11
3.746728994702099E11
3.746728994702177E11
3.7467366938367E11
3.746736693836775E11
3.7467443929792053E11
3.746744392979286E11
3.746752092129627E11
3.746752092129705E11
3.746759791287958E11
3.7467597912880365E11
3.746767490454199E11
3.7467674904542773E11
3.7467751896283514E11
3.74677518962843E11
3.746782888810413E11
3.746782888810491E11
3.746790588000386E11
3.7467905880004614E11
3.746798287198267E11
3.7467982871983453E11
3.7468059864040594E11
3.746805986404141E11
3.746813685617765E11
3.7468136856178436E11
3.7468213848393787E11
3.746821384839458E11
3.746829084068904E11
3.7468290840689825E11
3.7468367833063367E11
3.746836783306415E11
3.746844482551685E11
3.74684448255176E11
3.746852181804941E11
3.746852181805017E11
3.746859881066105E11
3.7468598810661835E11
3.746867580335182E11
3.74686758033526E11
3.7468752796121704E11
3.746875279612247E11
3.746882978897067E11
3.7468829788971454E11
3.746890678189875E11
3.746890678189953E11
3.746898377490593E11
3.74689837749067E11
3.746906076799221E11
3.7469060767992993E11
3.746913776115762E11
3.746913776115839E11
3.746921475440212E11
3.7469214754402893E11
3.74692917477257E11
3.746929174772649E11
3.7469368741128406E11
3.7469368741129205E11
3.7469445734610236E11
3.7469445734611017E11
3.746952272817114E11
3.746952272817193E11
3.7469599721811163E11
3.7469599721811945E11
3.7469676715530304E11
3.7469676715531085E11
3.7469753709328534E11
3.746975370932932E11
3.7469830703205865E11
3.7469830703206635E11
3.74699076971623E11
3.746990769716307E11
3.7469984691197833E11
3.7469984691198627E11
3.74700616853125E11
3.7470061685313275E11
3.747013867950625E11
3.7470138679507025E11
3.747021567377911E11
3.747021567377986E11
3.747029266813106E11
3.7470292668131854E11
3.7470369662562115E11
3.747036966256292E11
3.7470446657072284E11
3.747044665707307E11
3.747052365166158E11
3.747052365166236E11
3.7470600646329944E11
3.7470600646330725E11
3.747067764107745E11
3.747067764107821E11
3.747075463590403E11
3.74707546359048E11
3.747083163080969E11
3.7470831630810486E11
3.7470908625794525E11
3.747090862579529E11
3.7470985620858417E11
3.747098562085918E11
3.747106261600144E11
3.74710626160022E11
3.747113961122353E11
3.747113961122431E11
3.7471216606524756E11
3.747121660652554E11
3.7471293601905054E11
3.7471293601905835E11
3.747137059736447E11
3.7471370597365265E11
3.747144759290302E11
3.7471447592903796E11
3.747152458852064E11
3.747152458852145E11
3.7471601584217377E11
3.747160158421818E11
3.7471678579993225E11
3.7471678579994006E11
3.747175557584818E11
3.747175557584896E11
3.747183257178222E11
3.7471832571783E11
3.7471909567795374E11
3.747190956779615E11
3.747198656388764E11
3.7471986563888416E11
3.7472063560059015E11
3.7472063560059796E11
3.747214055630946E11
3.747214055631026E11
3.7472217552639044E11
3.7472217552639844E11
3.747229454904775E11
3.747229454904849E11
3.7472371545535516E11
3.747237154553628E11
3.747244854210239E11
3.747244854210318E11
3.747252553874838E11
3.7472525538749164E11
3.7472602535473474E11
3.747260253547427E11
3.747267953227768E11
3.747267953227848E11
3.7472756529160974E11
3.747275652916177E11
3.74728335261234E11
3.747283352612418E11
3.7472910523164905E11
3.747291052316568E11
3.747298752028553E11
3.747298752028633E11
3.747306451748524E11
3.747306451748605E11
3.747314151476407E11
3.747314151476486E11
3.747321851212201E11
3.7473218512122815E11
3.7473295509559064E11
3.7473295509559845E11
3.747337250707518E11
3.747337250707597E11
3.747344950467042E11
3.7473449504671216E11
3.747352650234479E11
3.747352650234556E11
3.7473603500098224E11
3.7473603500099E11
3.7473680497930786E11
3.747368049793156E11
3.7473757495842444E11
3.7473757495843225E11
3.747383449383322E11
3.747383449383399E11
3.74739114919031E11
3.747391149190386E11
3.7473988490052075E11
3.7473988490052856E11
3.747406548828014E11
3.747406548828092E11
3.7474142486587335E11
3.747414248658812E11
3.7474219484973615E11
3.747421948497442E11
3.7474296483439014E11
3.747429648343981E11
3.74743734819835E11
3.747437348198429E11
3.7474450480607117E11
3.747445048060789E11
3.747452747930984E11
3.747452747931061E11
3.7474604478091626E11
3.747460447809242E11
3.747468147695257E11
3.7474681476953345E11
3.747475847589258E11
3.747475847589336E11
3.747483547491171E11
3.7474835474912476E11
3.7474912474009937E11
3.747491247401072E11
3.7474989473187256E11
3.747498947318803E11
3.747506647244372E11
3.747506647244448E11
3.747514347177924E11
3.747514347178004E11
3.747522047119391E11
3.747522047119469E11
3.7475297470687646E11
3.7475297470688446E11
3.74753744702605E11
3.74753744702613E11
3.7475451469912476E11
3.7475451469913257E11
3.747552846964353E11
3.747552846964431E11
3.7475605469453687E11
3.747560546945449E11
3.747568246934296E11
3.7475682469343756E11
3.747575946931136E11
3.747575946931216E11
3.747583646935885E11
3.7475836469359625E11
3.747591346948544E11
3.747591346948621E11
3.747599046969112E11
3.747599046969189E11
3.7476067469975916E11
3.7476067469976685E11
3.7476144470339813E11
3.7476144470340594E11
3.747622147078281E11
3.747622147078362E11
3.7476298471304956E11
3.7476298471305725E11
3.7476375471906165E11
3.747637547190695E11
3.7476452472586475E11
3.747645247258727E11
3.7476529473345917E11
3.747652947334666E11
3.7476606474184454E11
3.7476606474185205E11
3.747668347510207E11
3.7476683475102844E11
3.747676047609881E11
3.7476760476099585E11
3.747683747717466E11
3.747683747717542E11
3.747691447832961E11
3.747691447833036E11
3.7476991479563654E11
3.7476991479564453E11
3.747706848087678E11
3.7477068480877576E11
3.7477145482269055E11
3.747714548226982E11
3.747722248374043E11
3.747722248374122E11
3.7477299485290875E11
3.7477299485291675E11
3.747737648692046E11
3.747737648692124E11
3.7477453488629156E11
3.747745348862994E11
3.7477530490416943E11
3.747753049041772E11
3.7477607492283813E11
3.747760749228459E11
3.747768449422979E11
3.747768449423059E11
3.7477761496254913E11
3.7477761496255664E11
3.74778384983591E11
3.747783849835988E11
3.7477915500542413E11
3.74779155005432E11
3.747799250280481E11
3.747799250280561E11
3.7478069505146326E11
3.7478069505147107E11
3.7478146507566956E11
3.7478146507567725E11
3.7478223510066675E11
3.7478223510067444E11
3.747830051264551E11
3.747830051264627E11
3.7478377515303455E11
3.7478377515304193E11
3.747845451804049E11
3.7478454518041235E11
3.7478531520856604E11
3.7478531520857385E11
3.747860852375187E11
3.747860852375263E11
3.747868552672621E11
3.747868552672699E11
3.747876252977967E11
3.7478762529780444E11
3.747883953291223E11
3.7478839532913007E11
3.7478916536123865E11
3.7478916536124664E11
3.7478993539414655E11
3.747899353941541E11
3.747907054278452E11
3.74790705427853E11
3.747914754623351E11
3.7479147546234265E11
3.7479224549761584E11
3.7479224549762335E11
3.747930155336877E11
3.747930155336954E11
3.7479378557055054E11
3.7479378557055835E11
3.747945556082046E11
3.7479455560821216E11
3.747953256466496E11
3.7479532564665717E11
3.747960956858855E11
3.747960956858934E11
3.7479686572591235E11
3.747968657259203E11
3.7479763576673065E11
3.7479763576673865E11
3.7479840580833984E11
3.7479840580834766E11
3.7479917585074005E11
3.7479917585074805E11
3.747999458939313E11
3.747999458939392E11
3.7480071593791376E11
3.7480071593792163E11
3.7480148598268695E11
3.7480148598269495E11
3.748022560282516E11
3.748022560282592E11
3.7480302607460706E11
3.748030260746147E11
3.748037961217533E11
3.7480379612176117E11
3.7480456616969104E11
3.748045661696987E11
3.7480533621841943E11
3.748053362184272E11
3.7480610626793915E11
3.74806106267947E11
3.7480687631824976E11
3.7480687631825757E11
3.748076463693515E11
3.748076463693593E11
3.748084164212442E11
3.7480841642125214E11
3.74809186473928E11
3.748091864739358E11
3.748099565274029E11
3.7480995652741064E11
3.7481072658166876E11
3.748107265816766E11
3.7481149663672565E11
3.7481149663673346E11
3.748122666925736E11
3.7481226669258124E11
3.748130367492129E11
3.748130367492205E11
3.7481380680664276E11
3.7481380680665063E11
3.7481457686486383E11
3.748145768648717E11
3.7481534692387604E11
3.74815346923884E11
3.748161169836793E11
3.74816116983687E11
3.748168870442734E11
3.7481688704428125E11
3.7481765710565875E11
3.748176571056665E11
3.748184271678352E11
3.748184271678429E11
3.748191972308024E11
3.7481919723081024E11
3.7481996729456104E11
3.748199672945687E11
3.748207373591103E11
3.748207373591182E11
3.748215074244509E11
3.748215074244588E11
3.748222774905826E11
3.748222774905904E11
3.748230475575051E11
3.7482304755751276E11
3.748238176252187E11
3.748238176252265E11
3.7482458769372345E11
3.748245876937312E11
3.748253577630192E11
3.7482535776302704E11
3.7482612783310583E11
3.748261278331136E11
3.7482689790398376E11
3.7482689790399164E11
3.748276679756527E11
3.7482766797566064E11
3.748284380481125E11
3.7482843804812036E11
3.748292081213636E11
3.748292081213714E11
3.748299781954054E11
3.7482997819541345E11
3.748307482702385E11
3.748307482702464E11
3.7483151834586273E11
3.7483151834587054E11
3.748322884222777E11
3.748322884222857E11
3.74833058499484E11
3.74833058499492E11
3.74833828577481E11
3.748338285774889E11
3.748345986562695E11
3.7483459865627716E11
3.7483536873584875E11
3.748353687358566E11
3.748361388162193E11
3.7483613881622705E11
3.748369088973808E11
3.748369088973885E11
3.7483767897933295E11
3.7483767897934094E11
3.7483844906207666E11
3.7483844906208453E11
3.7483921914561127E11
3.748392191456189E11
3.7483998922993677E11
3.748399892299446E11
3.748407593150536E11
3.7484075931506116E11
3.74841529400961E11
3.748415294009688E11
3.748422994876599E11
3.748422994876676E11
3.7484306957514966E11
3.748430695751575E11
3.748438396634306E11
3.748438396634381E11
3.748446097525023E11
3.748446097525101E11
3.7484537984236505E11
3.7484537984237305E11
3.7484614993301917E11
3.7484614993302686E11
3.748469200244643E11
3.7484692002447186E11
3.748476901167E11
3.7484769011670795E11
3.748484602097271E11
3.74848460209735E11
3.748492303035454E11
3.748492303035532E11
3.7485000039815436E11
3.7485000039816235E11
3.7485077049355475E11
3.7485077049356274E11
3.748515405897463E11
3.7485154058975385E11
3.748523106867285E11
3.7485231068673627E11
3.7485308078450165E11
3.748530807845096E11
3.748538508830661E11
3.748538508830739E11
3.7485462098242163E11
3.748546209824293E11
3.748553910825679E11
3.7485539108257587E11
3.748561611835054E11
3.748561611835134E11
3.7485693128523413E11
3.74856931285242E11
3.748577013877536E11
3.7485770138776154E11
3.748584714910644E11
3.748584714910723E11
3.748592415951661E11
3.748592415951741E11
3.748600117000589E11
3.748600117000669E11
3.7486078180574274E11
3.7486078180575055E11
3.748615519122174E11
3.7486155191222534E11
3.748623220194835E11
3.748623220194911E11
3.7486309212754047E11
3.748630921275482E11
3.748638622363885E11
3.748638622363962E11
3.748646323460273E11
3.748646323460352E11
3.7486540245645776E11
3.748654024564652E11
3.748661725676785E11
3.748661725676864E11
3.748669426796908E11
3.7486694267969867E11
3.7486771279249396E11
3.748677127925019E11
3.748684829060881E11
3.74868482906096E11
3.748692530204737E11
3.748692530204814E11
3.7487002313564966E11
3.748700231356575E11
3.748707932516174E11
3.74870793251625E11
3.748715633683756E11
3.748715633683834E11
3.748723334859252E11
3.74872333485933E11
3.748731036042658E11
3.7487310360427344E11
3.748738737233973E11
3.74873873723405E11
3.7487464384332E11
3.7487464384332764E11
3.7487541396403345E11
3.7487541396404126E11
3.748761840855382E11
3.748761840855461E11
3.74876954207834E11
3.7487695420784174E11
3.748777243309208E11
3.7487772433092865E11
3.7487849445479846E11
3.7487849445480646E11
3.748792645794675E11
3.7487926457947534E11
3.748800347049272E11
3.7488003470493506E11
3.748808048311783E11
3.748808048311859E11
3.748815749582204E11
3.7488157495822833E11
3.7488234508605347E11
3.7488234508606146E11
3.748831152146777E11
3.7488311521468536E11
3.7488388534409265E11
3.7488388534410046E11
3.748846554742988E11
3.748846554743066E11
3.748854256052961E11
3.7488542560530396E11
3.748861957370846E11
3.748861957370923E11
3.748869658696637E11
3.748869658696714E11
3.7488773600303406E11
3.748877360030419E11
3.748885061371955E11
3.748885061372033E11
3.748892762721477E11
3.748892762721559E11
3.7489004640789166E11
3.748900464078993E11
3.748908165444261E11
3.7489081654443396E11
3.7489158668175165E11
3.748915866817594E11
3.74892356819868E11
3.748923568198761E11
3.74893126958776E11
3.7489312695878375E11
3.748938970984747E11
3.748938970984824E11
3.748946672389645E11
3.748946672389721E11
3.748954373802453E11
3.74895437380253E11
3.7489620752231726E11
3.74896207522325E11
3.748969776651802E11
3.748969776651878E11
3.74897747808834E11
3.74897747808842E11
3.7489851795327893E11
3.7489851795328674E11
3.7489928809851514E11
3.748992880985227E11
3.749000582445424E11
3.7490005824455005E11
3.749008283913604E11
3.749008283913681E11
3.749015985389693E11
3.749015985389771E11
3.749023686873697E11
3.749023686873777E11
3.749031388365609E11
3.749031388365686E11
3.749039089865432E11
3.749039089865511E11
3.7490467913731665E11
3.749046791373244E11
3.7490544928888104E11
3.74905449288889E11
3.749062194412365E11
3.749062194412442E11
3.749069895943829E11
3.749069895943908E11
3.749077597483203E11
3.749077597483285E11
3.749085299030491E11
3.7490852990305695E11
3.749093000585687E11
3.7490930005857654E11
3.749100702148794E11
3.7491007021488727E11
3.7491084037198126E11
3.749108403719891E11
3.7491161052987384E11
3.749116105298817E11
3.749123806885577E11
3.749123806885656E11
3.749131508480324E11
3.749131508480404E11
3.7491392100829834E11
3.749139210083064E11
3.749146911693553E11
3.749146911693633E11
3.749154613312033E11
3.74915461331211E11
3.749162314938423E11
3.7491623149385016E11
3.7491700165727234E11
3.749170016572804E11
3.749177718214936E11
3.7491777182150146E11
3.7491854198650586E11
3.749185419865135E11
3.749193121523091E11
3.749193121523168E11
3.749200823189032E11
3.749200823189112E11
3.7492085248628845E11
3.7492085248629626E11
3.7492162265446484E11
3.7492162265447266E11
3.749223928234324E11
3.749223928234402E11
3.749231629931906E11
3.749231629931984E11
3.749239331637403E11
3.749239331637481E11
3.749247033350807E11
3.749247033350886E11
3.749254735072121E11
3.7492547350722E11
3.749262436801348E11
3.749262436801426E11
3.749270138538486E11
3.749270138538563E11
3.7492778402835315E11
3.749277840283611E11
3.749285542036489E11
3.74928554203657E11
3.749293243797356E11
3.749293243797435E11
3.7493009455661365E11
3.7493009455662134E11
3.749308647342826E11
3.749308647342903E11
3.7493163491274255E11
3.749316349127505E11
3.749324050919934E11
3.749324050920012E11
3.7493317527203534E11
3.749331752720433E11
3.749339454528684E11
3.749339454528761E11
3.749347156344925E11
3.7493471563450037E11
3.7493548581690765E11
3.7493548581691547E11
3.749362560001139E11
3.7493625600012164E11
3.7493702618411127E11
3.7493702618411896E11
3.749377963688993E11
3.7493779636890717E11
3.749385665544788E11
3.749385665544867E11
3.7493933674084906E11
3.749393367408571E11
3.7494010692801056E11
3.749401069280186E11
3.749408771159631E11
3.7494087711597095E11
3.7494164730470654E11
3.749416473047145E11
3.74942417494241E11
3.749424174942491E11
3.749431876845667E11
3.7494318768457477E11
3.749439578756834E11
3.749439578756912E11
3.7494472806759106E11
3.749447280675989E11
3.749454982602899E11
3.749454982602977E11
3.7494626845377966E11
3.7494626845378735E11
3.7494703864806036E11
3.749470386480683E11
3.749478088431321E11
3.7494780884314014E11
3.749485790389953E11
3.749485790390031E11
3.749493492356492E11
3.749493492356568E11
3.7495011943309424E11
3.7495011943310187E11
3.749508896313303E11
3.749508896313381E11
3.749516598303572E11
3.7495165983036505E11
3.7495243003017554E11
3.749524300301833E11
3.7495320023078467E11
3.749532002307922E11
3.7495397043218475E11
3.7495397043219257E11
3.749547406343761E11
3.749547406343839E11
3.749555108373583E11
3.749555108373664E11
3.7495628104113196E11
3.749562810411395E11
3.7495705124569604E11
3.74957051245704E11
3.749578214510516E11
3.749578214510593E11
3.749585916571984E11
3.74958591657206E11
3.749593618641358E11
3.7495936186414374E11
3.749601320718644E11
3.749601320718722E11
3.7496090228038385E11
3.7496090228039185E11
3.749616724896947E11
3.749616724897025E11
3.7496244269979626E11
3.749624426998045E11
3.749632129106894E11
3.7496321291069696E11
3.7496398312237286E11
3.749639831223808E11
3.749647533348479E11
3.749647533348557E11
3.749655235481138E11
3.7496552354812146E11
3.749662937621708E11
3.749662937621785E11
3.749670639770187E11
3.749670639770263E11
3.749678341926577E11
3.7496783419266547E11
3.749686044090877E11
3.749686044090957E11
3.7496937462630896E11
3.749693746263167E11
3.7497014484432086E11
3.74970144844329E11
3.7497091506312415E11
3.74970915063132E11
3.749716852827185E11
3.749716852827263E11
3.749724555031039E11
3.7497245550311163E11
3.7497322572428015E11
3.7497322572428784E11
3.749739959462475E11
3.749739959462555E11
3.7497476616900604E11
3.74974766169014E11
3.7497553639255554E11
3.749755363925634E11
3.749763066168961E11
3.7497630661690393E11
3.749770768420276E11
3.7497707684203534E11
3.749778470679503E11
3.7497784706795807E11
3.749786172946641E11
3.7497861729467163E11
3.749793875221686E11
3.749793875221765E11
3.7498015775046423E11
3.7498015775047205E11
3.749809279795514E11
3.749809279795591E11
3.749816982094289E11
3.7498169820943695E11
3.749824684400977E11
3.749824684401055E11
3.7498323867155786E11
3.749832386715656E11
3.7498400890380853E11
3.749840089038167E11
3.749847791368508E11
3.7498477913685876E11
3.7498554937068396E11
3.7498554937069165E11
3.74986319605308E11
3.7498631960531586E11
3.7498708984072314E11
3.74987089840731E11
3.749878600769293E11
3.749878600769372E11
3.749886303139264E11
3.749886303139344E11
3.749894005517149E11
3.749894005517227E11
3.749901707902941E11
3.749901707903021E11
3.7499094102966455E11
3.749909410296725E11
3.74991711269826E11
3.749917112698338E11
3.7499248151077844E11
3.7499248151078625E11
3.74993251752522E11
3.7499325175252985E11
3.749940219950564E11
3.749940219950644E11
3.7499479223838196E11
3.749947922383899E11
3.7499556248249896E11
3.7499556248250665E11
3.7499633272740656E11
3.7499633272741437E11
3.749971029731053E11
3.7499710297311304E11
3.749978732195951E11
3.749978732196027E11
3.7499864346687604E11
3.7499864346688367E11
3.7499941371494775E11
3.7499941371495557E11
3.7500018396381055E11
3.7500018396381866E11
3.750009542134646E11
3.750009542134725E11
3.750017244639098E11
3.750017244639176E11
3.750024947151457E11
3.750024947151537E11
3.750032649671726E11
3.7500326496718054E11
3.7500403521999084E11
3.7500403521999866E11
3.750048054736001E11
3.75004805473608E11
3.750055757280005E11
3.750055757280081E11
3.7500634598319165E11
3.750063459831995E11
3.750071162391739E11
3.7500711623918195E11
3.7500788649594727E11
3.7500788649595514E11
3.750086567535118E11
3.750086567535196E11
3.750094270118671E11
3.7500942701187494E11
3.7501019727101385E11
3.750101972710214E11
3.750109675309511E11
3.7501096753095917E11
3.7501173779167993E11
3.7501173779168756E11
3.750125080531996E11
3.750125080532074E11
3.7501327831551E11
3.7501327831551807E11
3.7501404857861194E11
3.750140485786197E11
3.7501481884250464E11
3.7501481884251245E11
3.750155891071886E11
3.750155891071962E11
3.750163593726633E11
3.7501635937267126E11
3.7501712963892914E11
3.7501712963893695E11
3.7501789990598615E11
3.750178999059939E11
3.750186701738343E11
3.75018670173842E11
3.7501944044247327E11
3.7501944044248096E11
3.750202107119034E11
3.750202107119111E11
3.750209809821244E11
3.7502098098213226E11
3.7502175125313654E11
3.7502175125314453E11
3.750225215249398E11
3.750225215249475E11
3.7502329179753406E11
3.750232917975421E11
3.750240620709194E11
3.750240620709272E11
3.750248323450959E11
3.750248323451035E11
3.75025602620063E11
3.7502560262007117E11
3.7502637289582166E11
3.750263728958295E11
3.750271431723711E11
3.7502714317237897E11
3.750279134497115E11
3.7502791344971954E11
3.750286837278432E11
3.7502868372785095E11
3.750294540067656E11
3.750294540067736E11
3.7503022428647955E11
3.750302242864874E11
3.750309945669843E11
3.75030994566992E11
3.7503176484828E11
3.750317648482879E11
3.750325351303667E11
3.750325351303747E11
3.7503330541324475E11
3.7503330541325244E11
3.750340756969136E11
3.750340756969214E11
3.7503484598137335E11
3.750348459813812E11
3.7503561626662445E11
3.750356162666322E11
3.750363865526664E11
3.750363865526742E11
3.7503715683949963E11
3.750371568395073E11
3.750379271271236E11
3.750379271271315E11
3.750386974155388E11
3.7503869741554663E11
3.750394677047452E11
3.750394677047528E11
3.750402379947424E11
3.7504023799475E11
3.7504100828553046E11
3.750410082855383E11
3.750417785771099E11
3.750417785771177E11
3.750425488694804E11
3.750425488694882E11
3.7504331916264185E11
3.7504331916264966E11
3.750440894565941E11
3.750440894566021E11
3.750448597513378E11
3.750448597513455E11
3.750456300468723E11
3.7504563004688025E11
3.75046400343198E11
3.750464003432057E11
3.7504717064031464E11
3.750471706403223E11
3.750479409382224E11
3.7504794093823016E11
3.75048711236921E11
3.750487112369288E11
3.750494815364109E11
3.750494815364189E11
3.750502518366918E11
3.7505025183669946E11
3.750510221377637E11
3.750510221377713E11
3.7505179243962634E11
3.750517924396343E11
3.7505256274228046E11
3.7505256274228815E11
3.750533330457255E11
3.7505333304573303E11
3.750541033499613E11
3.7505410334996924E11
3.750548736549886E11
3.750548736549963E11
3.7505564396080664E11
3.7505564396081445E11
3.75056414267416E11
3.750564142674238E11
3.7505718457481635E11
3.7505718457482385E11
3.750579548830075E11
3.7505795488301514E11
3.750587251919899E11
3.750587251919977E11
3.7505949550176306E11
3.750594955017709E11
3.7506026581232733E11
3.750602658123353E11
3.75061036123683E11
3.750610361236911E11
3.7506180643582935E11
3.750618064358373E11
3.7506257674876697E11
3.7506257674877484E11
3.750633470624957E11
3.750633470625036E11
3.7506411737701526E11
3.750641173770232E11
3.7506488769232587E11
3.7506488769233374E11
3.750656580084277E11
3.750656580084356E11
3.7506642832532056E11
3.750664283253282E11
3.750671986430043E11
3.750671986430122E11
3.7506796896147906E11
3.7506796896148706E11
3.75068739280745E11
3.7506873928075275E11
3.750695096008018E11
3.750695096008098E11
3.7507027992164984E11
3.750702799216579E11
3.750710502432889E11
3.7507105024329694E11
3.750718205657191E11
3.750718205657271E11
3.750725908889403E11
3.750725908889483E11
3.750733612129524E11
3.750733612129604E11
3.750741315377556E11
3.750741315377635E11
3.7507490186334985E11
3.7507490186335767E11
3.750756721897353E11
3.7507567218974304E11
3.750764425169115E11
3.750764425169194E11
3.750772128448791E11
3.750772128448869E11
3.750779831736375E11
3.750779831736454E11
3.75078753503187E11
3.750787535031948E11
3.7507952383352765E11
3.7507952383353534E11
3.750802941646591E11
3.750802941646669E11
3.750810644965817E11
3.7508106449658954E11
3.750818348292953E11
3.750818348293033E11
3.7508260516280023E11
3.750826051628078E11
3.7508337549709595E11
3.750833754971035E11
3.7508414583218274E11
3.7508414583219055E11
3.750849161680606E11
3.750849161680683E11
3.7508568650472943E11
3.7508568650473724E11
3.750864568421894E11
3.7508645684219727E11
3.750872271804403E11
3.7508722718044806E11
3.7508799751948224E11
3.7508799751949005E11
3.7508876785931537E11
3.750887678593235E11
3.7508953819993945E11
3.750895381999475E11
3.7509030854135474E11
3.750903085413627E11
3.7509107888356104E11
3.750910788835689E11
3.750918492265583E11
3.7509184922656616E11
3.750926195703465E11
3.750926195703543E11
3.7509338991492596E11
3.7509338991493365E11
3.750941602602964E11
3.7509416026030396E11
3.750949306064576E11
3.750949306064656E11
3.750957009534101E11
3.7509570095341797E11
3.750964713011537E11
3.7509647130116156E11
3.750972416496881E11
3.750972416496959E11
3.7509801199901373E11
3.7509801199902155E11
3.7509878234913055E11
3.750987823491384E11
3.750995527000382E11
3.750995527000463E11
3.7510032305173706E11
3.7510032305174493E11
3.7510109340422675E11
3.7510109340423456E11
3.751018637575076E11
3.7510186375751544E11
3.751026341115795E11
3.751026341115874E11
3.751034044664423E11
3.7510340446645013E11
3.7510417482209644E11
3.7510417482210425E11
3.751049451785413E11
3.751049451785492E11
3.751057155357774E11
3.751057155357854E11
3.7510648589380444E11
3.751064858938123E11
3.751072562526228E11
3.751072562526307E11
3.751080266122319E11
3.7510802661223975E11
3.7510879697263226E11
3.751087969726398E11
3.751095673338235E11
3.751095673338313E11
3.751103376958056E11
3.751103376958134E11
3.7511110805857916E11
3.75111108058587E11
3.751118784221437E11
3.751118784221513E11
3.751126487864989E11
3.751126487865069E11
3.7511341915164557E11
3.751134191516534E11
3.751141895175832E11
3.751141895175909E11
3.7511495988431165E11
3.751149598843196E11
3.7511573025183124E11
3.751157302518391E11
3.7511650062014197E11
3.7511650062014966E11
3.751172709892438E11
3.751172709892516E11
3.751180413591365E11
3.751180413591443E11
3.751188117298204E11
3.751188117298281E11
3.751195821012953E11
3.751195821013032E11
3.7512035247356134E11
3.7512035247356915E11
3.751211228466182E11
3.7512112284662604E11
3.751218932204662E11
3.7512189322047406E11
3.751226635951051E11
3.75122663595113E11
3.7512343397053516E11
3.751234339705433E11
3.751242043467565E11
3.751242043467643E11
3.751249747237684E11
3.751249747237763E11
3.751257451015718E11
3.751257451015797E11
3.751265154801661E11
3.751265154801739E11
3.751272858595515E11
3.751272858595594E11
3.751280562397277E11
3.7512805623973553E11
3.751288266206953E11
3.7512882662070306E11
3.751295970024536E11
3.7512959700246155E11
3.751303673850031E11
3.75130367385011E11
3.751311377683437E11
3.751311377683515E11
3.751319081524754E11
3.7513190815248303E11
3.751326785373979E11
3.751326785374055E11
3.751334489231116E11
3.7513344892311945E11
3.7513421930961615E11
3.751342193096242E11
3.7513498969691205E11
3.7513498969692E11
3.751357600849988E11
3.751357600850066E11
3.751365304738768E11
3.751365304738846E11
3.7513730086354553E11
3.751373008635536E11
3.751380712540056E11
3.751380712540134E11
3.751388416452566E11
3.7513884164526447E11
3.7513961203729865E11
3.751396120373066E11
3.751403824301317E11
3.751403824301394E11
3.751411528237556E11
3.7514115282376373E11
3.7514192321817096E11
3.751419232181786E11
3.751426936133772E11
3.75142693613385E11
3.751434640093745E11
3.751434640093823E11
3.7514423440616284E11
3.7514423440617065E11
3.7514500480374194E11
3.7514500480374994E11
3.751457752021125E11
3.7514577520212036E11
3.751465456012739E11
3.7514654560128186E11
3.751473160012263E11
3.7514731600123413E11
3.751480864019698E11
3.751480864019775E11
3.751488568035043E11
3.751488568035121E11
3.751496272058301E11
3.7514962720583795E11
3.751503976089467E11
3.751503976089546E11
3.751511680128546E11
3.7515116801286237E11
3.751519384175533E11
3.751519384175611E11
3.7515270882304297E11
3.7515270882305084E11
3.7515347922932404E11
3.751534792293317E11
3.751542496363956E11
3.7515424963640375E11
3.7515502004425867E11
3.751550200442664E11
3.751557904529126E11
3.751557904529202E11
3.751565608623577E11
3.7515656086236554E11
3.7515733127259375E11
3.7515733127260175E11
3.7515810168362085E11
3.751581016836287E11
3.751588720954391E11
3.7515887209544696E11
3.751596425080482E11
3.7515964250805615E11
3.751604129214486E11
3.751604129214563E11
3.751611833356398E11
3.751611833356476E11
3.75161953750622E11
3.751619537506298E11
3.751627241663956E11
3.7516272416640344E11
3.7516349458295984E11
3.7516349458296765E11
3.751642650003153E11
3.751642650003232E11
3.751650354184618E11
3.7516503541846985E11
3.751658058373995E11
3.751658058374073E11
3.751665762571282E11
3.751665762571358E11
3.7516734667764764E11
3.7516734667765546E11
3.751681170989584E11
3.751681170989663E11
3.7516888752106024E11
3.7516888752106805E11
3.7516965794395294E11
3.751696579439609E11
3.7517042836763696E11
3.751704283676447E11
3.751711987921118E11
3.751711987921194E11
3.7517196921737744E11
3.751719692173854E11
3.751727396434344E11
3.7517273964344244E11
3.7517351007028235E11
3.7517351007029047E11
3.751742804979216E11
3.7517428049792944E11
3.751750509263516E11
3.7517505092635956E11
3.751758213555729E11
3.7517582135558057E11
3.75176591785585E11
3.7517659178559283E11
3.751773622163882E11
3.7517736221639594E11
3.751781326479825E11
3.751781326479903E11
3.751789030803679E11
3.751789030803758E11
3.751796735135442E11
3.751796735135522E11
3.7518044394751154E11
3.7518044394751935E11
3.7518121438227014E11
3.751812143822779E11
3.751819848178195E11
3.7518198481782733E11
3.751827552541601E11
3.751827552541679E11
3.7518352569129175E11
3.751835256912997E11
3.7518429612921423E11
3.7518429612922217E11
3.751850665679281E11
3.751850665679359E11
3.751858370074327E11
3.751858370074407E11
3.751866074477286E11
3.751866074477364E11
3.751873778888155E11
3.751873778888231E11
3.751881483306932E11
3.75188148330701E11
3.751889187733621E11
3.7518891877336993E11
3.75189689216822E11
3.7518968921682983E11
3.751904596610731E11
3.751904596610809E11
3.7519123010611523E11
3.75191230106123E11
3.751920005519483E11
3.75192000551956E11
3.751927709985723E11
3.7519277099858014E11
3.751935414459875E11
3.7519354144599554E11
3.751943118941937E11
3.751943118942015E11
3.7519508234319086E11
3.7519508234319885E11
3.7519585279297925E11
3.7519585279298724E11
3.751966232435586E11
3.751966232435664E11
3.7519739369492896E11
3.751973936949367E11
3.7519816414709045E11
3.751981641470984E11
3.751989346000429E11
3.7519893460005084E11
3.751997050537865E11
3.751997050537943E11
3.752004755083211E11
3.75200475508329E11
3.7520124596364667E11
3.752012459636543E11
3.7520201641976337E11
3.752020164197714E11
3.752027868766711E11
3.752027868766789E11
3.7520355733436975E11
3.752035573343778E11
3.752043277928596E11
3.7520432779286743E11
3.7520509825214044E11
3.7520509825214825E11
3.7520586871221234E11
3.752058687122204E11
3.752066391730754E11
3.752066391730832E11
3.752074096347293E11
3.7520740963473706E11
3.752081800971741E11
3.752081800971821E11
3.7520895056041046E11
3.752089505604182E11
3.7520972102443756E11
3.752097210244455E11
3.752104914892558E11
3.752104914892635E11
3.752112619548649E11
3.752112619548727E11
3.7521203242126514E11
3.752120324212728E11
3.752128028884563E11
3.7521280288846423E11
3.752135733564386E11
3.7521357335644666E11
3.7521434382521216E11
3.752143438252199E11
3.752151142947765E11
3.752151142947844E11
3.752158847651319E11
3.752158847651398E11
3.752166552362787E11
3.7521665523628656E11
3.7521742570821606E11
3.752174257082238E11
3.752181961809446E11
3.7521819618095264E11
3.752189666544643E11
3.752189666544721E11
3.752197371287751E11
3.7521973712878296E11
3.752205076038769E11
3.752205076038847E11
3.752212780797697E11
3.752212780797774E11
3.752220485564534E11
3.752220485564612E11
3.752228190339283E11
3.752228190339361E11
3.752235895121942E11
3.752235895122021E11
3.7522435999125104E11
3.7522435999125903E11
3.752251304710991E11
3.7522513047110706E11
3.752259009517383E11
3.752259009517463E11
3.7522667143316833E11
3.752266714331758E11
3.752274419153895E11
3.752274419153973E11
3.7522821239840173E11
3.7522821239840955E11
3.7522898288220514E11
3.7522898288221265E11
3.752297533667992E11
3.75229753366807E11
3.752305238521845E11
3.7523052385219226E11
3.7523129433836084E11
3.7523129433836865E11
3.752320648253283E11
3.7523206482533624E11
3.752328353130868E11
3.7523283531309467E11
3.7523360580163635E11
3.7523360580164404E11
3.7523437629097687E11
3.7523437629098444E11
3.752351467811083E11
3.7523514678111615E11
3.752359172720312E11
3.7523591727203906E11
3.7523668776374475E11
3.7523668776375256E11
3.7523745825624945E11
3.7523745825625726E11
3.7523822874954517E11
3.7523822874955304E11
3.752389992436321E11
3.752389992436399E11
3.7523976973850995E11
3.752397697385178E11
3.752405402341789E11
3.752405402341867E11
3.752413107306387E11
3.752413107306467E11
3.752420812278898E11
3.752420812278976E11
3.752428517259319E11
3.7524285172593964E11
3.7524362222476526E11
3.752436222247727E11
3.7524439272438904E11
3.752443927243967E11
3.752451632248042E11
3.7524516322481213E11
3.7524593372601056E11
3.752459337260184E11
3.7524670422800757E11
3.7524670422801544E11
3.7524747473079614E11
3.752474747308039E11
3.752482452343755E11
3.7524824523438336E11
3.752490157387458E11
3.752490157387537E11
3.752497862439073E11
3.752497862439151E11
3.7525055674985974E11
3.7525055674986774E11
3.752513272566032E11
3.752513272566111E11
3.7525209776413763E11
3.752520977641459E11
3.752528682724637E11
3.752528682724713E11
3.752536387815801E11
3.752536387815879E11
3.75254409291488E11
3.752544092914958E11
3.752551798021866E11
3.752551798021944E11
3.752559503136764E11
3.7525595031368414E11
3.7525672082595734E11
3.75256720825965E11
3.752574913390293E11
3.7525749133903705E11
3.752582618528921E11
3.752582618528999E11
3.752590323675461E11
3.7525903236755396E11
3.7525980288299133E11
3.752598028829991E11
3.752605733992272E11
3.7526057339923517E11
3.752613439162544E11
3.75261343916262E11
3.7526211443407263E11
3.752621144340804E11
3.752628849526816E11
3.7526288495268964E11
3.75263655472082E11
3.752636554720898E11
3.752644259922732E11
3.75264425992281E11
3.752651965132557E11
3.752651965132636E11
3.7526596703502905E11
3.752659670350368E11
3.7526673755759344E11
3.7526673755760126E11
3.7526750808094885E11
3.752675080809568E11
3.752682786050955E11
3.752682786051033E11
3.75269049130033E11
3.7526904913004083E11
3.7526981965576166E11
3.752698196557695E11
3.7527059018228125E11
3.75270590182289E11
3.7527136070959204E11
3.752713607095997E11
3.7527213123769385E11
3.7527213123770154E11
3.752729017665865E11
3.752729017665945E11
3.752736722962704E11
3.7527367229627826E11
3.7527444282674536E11
3.7527444282675305E11
3.752752133580111E11
3.752752133580189E11
3.7527598389006805E11
3.7527598389007587E11
3.752767544229162E11
3.752767544229241E11
3.752775249565553E11
3.75277524956563E11
3.752782954909852E11
3.7527829549099304E11
3.752790660262065E11
3.7527906602621436E11
3.7527983656221893E11
3.752798365622263E11
3.75280607099022E11
3.7528060709902966E11
3.752813776366161E11
3.752813776366239E11
3.7528214817500165E11
3.7528214817500946E11
3.7528291871417773E11
3.7528291871418555E11
3.752836892541454E11
3.752836892541532E11
3.752844597949037E11
3.7528445979491174E11
3.7528523033645337E11
3.752852303364613E11
3.752860008787939E11
3.7528600087880164E11
3.752867714219255E11
3.752867714219332E11
3.7528754196584814E11
3.75287541965856E11
3.752883125105617E11
3.752883125105696E11
3.752890830560664E11
3.752890830560742E11
3.752898536023625E11
3.752898536023702E11
3.75290624149449E11
3.7529062414945685E11
3.75291394697327E11
3.7529139469733484E11
3.752921652459958E11
3.752921652460036E11
3.7529293579545593E11
3.752929357954638E11
3.7529370634570685E11
3.7529370634571454E11
3.7529447689674884E11
3.752944768967567E11
3.75295247448582E11
3.752952474485899E11
3.7529601800120624E11
3.7529601800121405E11
3.752967885546216E11
3.752967885546291E11
3.752975591088274E11
3.7529755910883545E11
3.752983296638246E11
3.752983296638328E11
3.752991002196132E11
3.7529910021962103E11
3.7529987077619257E11
3.7529987077620013E11
3.7530064133356305E11
3.753006413335706E11
3.7530141189172437E11
3.7530141189173224E11
3.7530218245067694E11
3.7530218245068463E11
3.7530295301042053E11
3.753029530104281E11
3.753037235709551E11
3.7530372357096295E11
3.7530449413228064E11
3.753044941322883E11
3.753052646943973E11
3.7530526469440515E11
3.7530603525730493E11
3.7530603525731287E11
3.7530680582100366E11
3.7530680582101154E11
3.7530757638549365E11
3.7530757638550146E11
3.7530834695077454E11
3.753083469507823E11
3.7530911751684625E11
3.7530911751685425E11
3.753098880837092E11
3.753098880837173E11
3.753106586513632E11
3.7531065865137115E11
3.7531142921980835E11
3.753114292198161E11
3.7531219978904443E11
3.7531219978905225E11
3.7531297035907135E11
3.753129703590792E11
3.7531374092988947E11
3.7531374092989764E11
3.7531451150149896E11
3.7531451150150665E11
3.753152820738989E11
3.75315282073907E11
3.753160526470904E11
3.753160526470982E11
3.7531682322107275E11
3.753168232210808E11
3.7531759379584607E11
3.7531759379585406E11
3.7531836437141046E11
3.753183643714186E11
3.753191349477661E11
3.753191349477738E11
3.753199055249127E11
3.753199055249203E11
3.753206761028501E11
3.753206761028582E11
3.7532144668157886E11
3.7532144668158673E11
3.7532221726109845E11
3.7532221726110626E11
3.753229878414093E11
3.7532298784141705E11
3.753237584225108E11
3.7532375842251874E11
3.753245290044037E11
3.753245290044115E11
3.753252995870875E11
3.7532529958709534E11
3.7532607017056244E11
3.753260701705704E11
3.753268407548286E11
3.753268407548362E11
3.753276113398855E11
3.753276113398932E11
3.753283819257336E11
3.753283819257414E11
3.7532915251237256E11
3.7532915251238025E11
3.7532992309980273E11
3.7532992309981024E11
3.753306936880239E11
3.7533069368803143E11
3.7533146427703595E11
3.7533146427704376E11
3.7533223486683905E11
3.7533223486684717E11
3.753330054574336E11
3.7533300545744116E11
3.7533377604881866E11
3.7533377604882666E11
3.7533454664099506E11
3.753345466410031E11
3.753353172339626E11
3.753353172339707E11
3.753360878277212E11
3.7533608782772906E11
3.7533685842227057E11
3.753368584222785E11
3.7533762901761115E11
3.753376290176191E11
3.753383996137428E11
3.7533839961375073E11
3.753391702106652E11
3.753391702106732E11
3.7533994080837897E11
3.75339940808387E11
3.7534071140688385E11
3.7534071140689154E11
3.7534148200617944E11
3.753414820061875E11
3.7534225260626624E11
3.7534225260627435E11
3.7534302320714435E11
3.753430232071523E11
3.753437938088131E11
3.753437938088209E11
3.7534456441127325E11
3.7534456441128094E11
3.753453350145242E11
3.7534533501453186E11
3.753461056185662E11
3.7534610561857416E11
3.7534687622339935E11
3.753468762234071E11
3.7534764682902344E11
3.7534764682903125E11
3.753484174354386E11
3.7534841743544653E11
3.7534918804264484E11
3.753491880426527E11
3.7534995865064197E11
3.7534995865065015E11
3.753507292594304E11
3.7535072925943835E11
3.753514998690098E11
3.7535149986901764E11
3.753522704793801E11
3.7535227047938794E11
3.7535304109054175E11
3.753530410905496E11
3.753538117024943E11
3.7535381170250226E11
3.753545823152377E11
3.753545823152456E11
3.753553529287724E11
3.7535535292878015E11
3.75356123543098E11
3.7535612354310596E11
3.753568941582148E11
3.753568941582224E11
3.7535766477412225E11
3.7535766477413E11
3.7535843539082117E11
3.753584353908289E11
3.753592060083109E11
3.7535920600831885E11
3.7535997662659174E11
3.753599766265997E11
3.7536074724566376E11
3.753607472456716E11
3.753615178655266E11
3.753615178655344E11
3.753622884861807E11
3.7536228848618835E11
3.753630591076258E11
3.7536305910763385E11
3.7536382972986194E11
3.753638297298696E11
3.7536460035288904E11
3.753646003528968E11
3.753653709767072E11
3.7536537097671484E11
3.753661416013164E11
3.75366141601324E11
3.7536691222671655E11
3.7536691222672455E11
3.753676828529079E11
3.753676828529158E11
3.7536845347989026E11
3.7536845347989813E11
3.753692241076636E11
3.7536922410767163E11
3.7536999473622815E11
3.7536999473623584E11
3.7537076536558374E11
3.753707653655915E11
3.753715359957301E11
3.753715359957378E11
3.753723066266677E11
3.7537230662667554E11
3.753730772583961E11
3.7537307725840405E11
3.7537384789091583E11
3.753738478909238E11
3.753746185242266E11
3.753746185242344E11
3.753753891583284E11
3.7537538915833624E11
3.753761597932213E11
3.753761597932291E11
3.75376930428905E11
3.7537693042891296E11
3.7537770106538007E11
3.753777010653879E11
3.7537847170264594E11
3.753784717026538E11
3.7537924234070294E11
3.753792423407107E11
3.75380012979551E11
3.753800129795588E11
3.753807836191898E11
3.753807836191978E11
3.7538155425962006E11
3.7538155425962787E11
3.7538232490084125E11
3.753823249008489E11
3.753830955428537E11
3.753830955428611E11
3.753838661856566E11
3.7538386618566455E11
3.753846368292512E11
3.753846368292589E11
3.753854074736364E11
3.753854074736443E11
3.7538617811881274E11
3.753861781188205E11
3.7538694876478015E11
3.753869487647879E11
3.753877194115386E11
3.753877194115464E11
3.753884900590881E11
3.7538849005909595E11
3.7538926070742865E11
3.753892607074366E11
3.7539003135656036E11
3.753900313565682E11
3.75390802006483E11
3.753908020064908E11
3.753915726571967E11
3.753915726572047E11
3.753923433087014E11
3.753923433087093E11
3.753931139609973E11
3.753931139610051E11
3.7539388461408417E11
3.753938846140918E11
3.7539465526796173E11
3.7539465526796967E11
3.753954259226308E11
3.753954259226385E11
3.7539619657809094E11
3.753961965780986E11
3.7539696723434174E11
3.753969672343497E11
3.7539773789138385E11
3.7539773789139166E11
3.753985085492171E11
3.753985085492248E11
3.7539927920784125E11
3.75399279207849E11
3.754000498672562E11
3.7540004986726404E11
3.754008205274624E11
3.754008205274705E11
3.7540159118846E11
3.7540159118846765E11
3.754023618502481E11
3.7540236185025604E11
3.754031325128276E11
3.7540313251283545E11
3.75403903176198E11
3.754039031762059E11
3.7540467384035956E11
3.75404673840367E11
3.754054445053119E11
3.7540544450531976E11
3.754062151710553E11
3.754062151710633E11
3.7540698583759E11
3.75406985837598E11
3.754077565049155E11
3.7540775650492346E11
3.754085271730323E11
3.754085271730403E11
3.7540929784194006E11
3.7540929784194775E11
3.7541006851163885E11
3.7541006851164667E11
3.754108391821284E11
3.754108391821367E11
3.7541160985340955E11
3.7541160985341724E11
3.754123805254814E11
3.754123805254892E11
3.754131511983445E11
3.754131511983522E11
3.7541392187199854E11
3.754139218720062E11
3.7541469254644354E11
3.7541469254645123E11
3.754154632216795E11
3.754154632216873E11
3.7541623389770667E11
3.754162338977145E11
3.754170045745248E11
3.754170045745325E11
3.7541777525213416E11
3.7541777525214197E11
3.754185459305343E11
3.7541854593054224E11
3.754193166097257E11
3.754193166097335E11
3.7542008728970795E11
3.7542008728971576E11
3.754208579704814E11
3.754208579704894E11
3.75421628652046E11
3.7542162865205365E11
3.754223993344014E11
3.7542239933440924E11
3.754231700175478E11
3.754231700175558E11
3.754239407014853E11
3.7542394070149335E11
3.75424711386214E11
3.754247113862219E11
3.7542548207173376E11
3.7542548207174164E11
3.7542625275804443E11
3.754262527580521E11
3.754270234451463E11
3.754270234451541E11
3.754277941330388E11
3.754277941330469E11
3.7542856482172284E11
3.754285648217307E11
3.7542933551119763E11
3.754293355112057E11
3.754301062014635E11
3.7543010620147156E11
3.754308768925206E11
3.754308768925285E11
3.7543164758436884E11
3.7543164758437665E11
3.7543241827700775E11
3.754324182770157E11
3.7543318897043787E11
3.754331889704458E11
3.7543395966465924E11
3.7543395966466705E11
3.7543473035967126E11
3.7543473035967914E11
3.7543550105547455E11
3.7543550105548236E11
3.7543627175206885E11
3.754362717520767E11
3.754370424494543E11
3.7543704244946204E11
3.754378131476307E11
3.754378131476383E11
3.754385838465979E11
3.75438583846606E11
3.754393545463566E11
3.754393545463644E11
3.7544012524690607E11
3.754401252469139E11
3.7544089594824664E11
3.754408959482544E11
3.7544166665037836E11
3.75441666650386E11
3.7544243735330084E11
3.7544243735330853E11
3.754432080570144E11
3.754432080570223E11
3.754439787615192E11
3.754439787615271E11
3.7544474946681506E11
3.7544474946682306E11
3.7544552017290204E11
3.754455201729096E11
3.7544629087977966E11
3.754462908797876E11
3.754470615874487E11
3.754470615874567E11
3.7544783229590875E11
3.7544783229591675E11
3.7544860300515985E11
3.754486030051675E11
3.7544937371520166E11
3.754493737152098E11
3.7545014442603485E11
3.7545014442604266E11
3.7545091513765894E11
3.754509151376669E11
3.7545168585007416E11
3.7545168585008203E11
3.754524565632804E11
3.7545245656328827E11
3.7545322727727765E11
3.7545322727728564E11
3.7545399799206604E11
3.7545399799207367E11
3.7545476870764557E11
3.754547687076534E11
3.7545553942401587E11
3.754555394240236E11
3.754563101411775E11
3.7545631014118524E11
3.754570808591297E11
3.7545708085913763E11
3.754578515778734E11
3.7545785157788116E11
3.7545862229740784E11
3.754586222974157E11
3.7545939301773364E11
3.754593930177416E11
3.754601637388502E11
3.7546016373885803E11
3.754609344607582E11
3.754609344607657E11
3.75461705183457E11
3.7546170518346466E11
3.7546247590694666E11
3.7546247590695447E11
3.7546324663122736E11
3.754632466312353E11
3.7546401735629944E11
3.754640173563074E11
3.7546478808216235E11
3.7546478808217017E11
3.754655588088162E11
3.7546555880882404E11
3.754663295362614E11
3.754663295362695E11
3.754671002644973E11
3.754671002645054E11
3.7546787099352454E11
3.754678709935325E11
3.7546864172334283E11
3.754686417233507E11
3.754694124539518E11
3.754694124539598E11
3.754701831853525E11
3.7547018318536E11
3.754709539175436E11
3.754709539175514E11
3.75471724650526E11
3.7547172465053375E11
3.7547249538429944E11
3.7547249538430725E11
3.7547326611886365E11
3.7547326611887164E11
3.754740368542193E11
3.754740368542273E11
3.7547480759036597E11
3.7547480759037354E11
3.7547557832730365E11
3.754755783273111E11
3.75476349065032E11
3.7547634906503986E11
3.754771198035519E11
3.754771198035597E11
3.754778905428624E11
3.7547789054287036E11
3.754786612829641E11
3.7547866128297205E11
3.754794320238571E11
3.7547943202386475E11
3.75480202765541E11
3.7548020276554877E11
3.7548097350801587E11
3.7548097350802374E11
3.7548174425128174E11
3.754817442512897E11
3.754825149953388E11
3.7548251499534656E11
3.7548328574018677E11
3.754832857401946E11
3.75484056485826E11
3.754840564858335E11
3.754848272322559E11
3.7548482723226373E11
3.7548559797947705E11
3.7548559797948474E11
3.7548636872748944E11
3.7548636872749713E11
3.754871394762926E11
3.754871394763003E11
3.75487910225887E11
3.754879102258947E11
3.7548868097627234E11
3.754886809762799E11
3.7548945172744867E11
3.754894517274565E11
3.754902224794161E11
3.7549022247942377E11
3.754909932321744E11
3.754909932321824E11
3.7549176398572424E11
3.7549176398573193E11
3.754925347400647E11
3.754925347400725E11
3.7549330549519635E11
3.7549330549520416E11
3.754940762511189E11
3.7549407625112695E11
3.754948470078329E11
3.754948470078407E11
3.754956177653375E11
3.7549561776534515E11
3.754963885236331E11
3.754963885236411E11
3.754971592827202E11
3.754971592827279E11
3.754979300425979E11
3.7549793004260565E11
3.754987008032668E11
3.754987008032746E11
3.7549947156472687E11
3.754994715647347E11
3.755002423269777E11
3.755002423269857E11
3.7550101309001984E11
3.755010130900277E11
3.75501783853853E11
3.7550178385386096E11
3.755025546184773E11
3.755025546184851E11
3.7550332538389233E11
3.7550332538390015E11
3.755040961500987E11
3.755040961501067E11
3.7550486691709595E11
3.755048669171037E11
3.755056376848842E11
3.755056376848923E11
3.755064084534637E11
3.755064084534713E11
3.7550717922283417E11
3.7550717922284186E11
3.755079499929955E11
3.755079499930034E11
3.7550872076394806E11
3.755087207639559E11
3.755094915356917E11
3.755094915356993E11
3.7551026230822626E11
3.755102623082341E11
3.755110330815519E11
3.7551103308155975E11
3.7551180385566833E11
3.755118038556763E11
3.7551257463057623E11
3.75512574630584E11
3.7551334540627515E11
3.755133454062827E11
3.75514116182765E11
3.755141161827727E11
3.7551488696004596E11
3.755148869600536E11
3.755156577381175E11
3.7551565773812537E11
3.755164285169808E11
3.755164285169886E11
3.755171992966346E11
3.7551719929664264E11
3.755179700770796E11
3.755179700770875E11
3.7551874085831586E11
3.755187408583237E11
3.755195116403427E11
3.755195116403505E11
3.7552028242316125E11
3.755202824231689E11
3.7552105320677045E11
3.755210532067784E11
3.755218239911708E11
3.7552182399117834E11
3.7552259477636194E11
3.7552259477636975E11
3.755233655623443E11
3.755233655623521E11
3.755241363491178E11
3.7552413634912555E11
3.7552490713668243E11
3.7552490713669006E11
3.755256779250377E11
3.7552567792504553E11
3.755264487141843E11
3.7552644871419226E11
3.755272195041218E11
3.755272195041298E11
3.7552799029485046E11
3.7552799029485834E11
3.7552876108637006E11
3.755287610863778E11
3.7552953187868085E11
3.7552953187868866E11
3.7553030267178265E11
3.755303026717907E11
3.755310734656754E11
3.755310734656833E11
3.755318442603594E11
3.755318442603672E11
3.75532615055834E11
3.75532615055842E11
3.7553338585210034E11
3.75533385852108E11
3.7553415664915704E11
3.755341566491649E11
3.7553492744700507E11
3.7553492744701306E11
3.75535698245644E11
3.7553569824565216E11
3.755364690450744E11
3.7553646904508234E11
3.7553723984529553E11
3.7553723984530347E11
3.7553801064630786E11
3.755380106463157E11
3.755387814481111E11
3.755387814481188E11
3.7553955225070544E11
3.755395522507132E11
3.7554032305409076E11
3.7554032305409875E11
3.75541093858267E11
3.7554109385827484E11
3.755418646632346E11
3.7554186466324255E11
3.755426354689929E11
3.7554263546900085E11
3.755434062755425E11
3.755434062755504E11
3.755441770828831E11
3.755441770828909E11
3.7554494789101483E11
3.755449478910226E11
3.7554571869993756E11
3.7554571869994525E11
3.755464895096511E11
3.7554648950965894E11
3.755472603201559E11
3.755472603201637E11
3.7554803113145166E11
3.755480311314596E11
3.7554880194353845E11
3.755488019435465E11
3.755495727564163E11
3.755495727564243E11
3.755503435700853E11
3.7555034357009314E11
3.755511143845455E11
3.755511143845531E11
3.7555188519979626E11
3.7555188519980414E11
3.7555265601583844E11
3.755526560158462E11
3.755534268326716E11
3.755534268326794E11
3.755541976502957E11
3.7555419765030347E11
3.7555496846871094E11
3.755549684687187E11
3.755557392879171E11
3.755557392879249E11
3.755565101079141E11
3.7555651010792236E11
3.7555728092870276E11
3.7555728092871063E11
3.755580517502821E11
3.7555805175029E11
3.755588225726525E11
3.7555882257266046E11
3.755595933958141E11
3.7555959339582166E11
3.7556036421976654E11
3.7556036421977454E11
3.755611350445101E11
3.7556113504451794E11
3.755619058700446E11
3.755619058700524E11
3.755626766963703E11
3.755626766963782E11
3.7556344752348724E11
3.755634475234949E11
3.755642183513948E11
3.755642183514027E11
3.755649891800937E11
3.755649891801014E11
3.755657600095834E11
3.7556576000959125E11
3.755665308398644E11
3.7556653083987213E11
3.7556730167093616E11
3.75567301670944E11
3.7556807250279913E11
3.755680725028071E11
3.7556884333545337E11
3.75568843335461E11
3.7556961416889825E11
3.7556961416890625E11
3.755703850031344E11
3.755703850031422E11
3.755711558381614E11
3.7557115583816943E11
3.7557192667397974E11
3.755719266739877E11
3.755726975105889E11
3.755726975105968E11
3.75573468347989E11
3.755734683479972E11
3.7557423918618054E11
3.7557423918618823E11
3.755750100251629E11
3.755750100251708E11
3.7557578086493604E11
3.75575780864944E11
3.755765517055008E11
3.755765517055086E11
3.755773225468562E11
3.755773225468643E11
3.755780933890028E11
3.755780933890108E11
3.755788642319405E11
3.755788642319482E11
3.755796350756692E11
3.755796350756768E11
3.755804059201887E11
3.755804059201965E11
3.7558117676549945E11
3.755811767655072E11
3.755819476116012E11
3.755819476116091E11
3.755827184584939E11
3.755827184585018E11
3.755834893061779E11
3.7558348930618585E11
3.755842601546529E11
3.7558426015466064E11
3.7558503100391833E11
3.755850310039266E11
3.7558580185397565E11
3.755858018539835E11
3.755865727048237E11
3.7558657270483154E11
3.755873435564628E11
3.755873435564705E11
3.7558811440889307E11
3.7558811440890076E11
3.755888852621143E11
3.75588885262122E11
3.7558965611612646E11
3.755896561161343E11
3.755904269709297E11
3.7559042697093744E11
3.75591197826524E11
3.755911978265318E11
3.755919686829094E11
3.7559196868291736E11
3.755927395400859E11
3.7559273954009375E11
3.755935103980531E11
3.755935103980611E11
3.755942812568119E11
3.755942812568196E11
3.7559505211636127E11
3.755950521163691E11
3.755958229767017E11
3.755958229767097E11
3.7559659383783344E11
3.7559659383784125E11
3.7559736469975616E11
3.7559736469976416E11
3.7559813556246967E11
3.755981355624777E11
3.755989064259744E11
3.755989064259824E11
3.755996772902704E11
3.7559967729027814E11
3.7560044815535724E11
3.75600448155365E11
3.756012190212351E11
3.756012190212429E11
3.756019898879041E11
3.7560198988791187E11
3.756027607553641E11
3.756027607553718E11
3.756035316236152E11
3.75603531623623E11
3.756043024926573E11
3.75604302492665E11
3.756050733624904E11
3.75605073362498E11
3.756058442331144E11
3.756058442331223E11
3.756066151045296E11
3.756066151045375E11
3.7560738597673584E11
3.7560738597674384E11
3.7560815684973334E11
3.756081568497408E11
3.756089277235214E11
3.7560892772352936E11
3.75609698598101E11
3.7560969859810864E11
3.756104694734713E11
3.7561046947347925E11
3.75611240349633E11
3.7561124034964056E11
3.756120112265852E11
3.756120112265932E11
3.7561278210432886E11
3.756127821043365E11
3.7561355298286334E11
3.7561355298287134E11
3.7561432386218915E11
3.756143238621972E11
3.756150947423059E11
3.7561509474231354E11
3.756158656232137E11
3.756158656232213E11
3.7561663650491235E11
3.756166365049204E11
3.7561740738740216E11
3.7561740738741016E11
3.7561817827068304E11
3.7561817827069104E11
3.75618949154755E11
3.756189491547628E11
3.7561972003961835E11
3.756197200396259E11
3.756204909252721E11
3.756204909252799E11
3.756212618117171E11
3.7562126181172485E11
3.756220326989532E11
3.75622032698961E11
3.7562280358698047E11
3.7562280358698804E11
3.756235744757985E11
3.7562357447580634E11
3.756243453654079E11
3.756243453654154E11
3.7562511625580786E11
3.756251162558158E11
3.7562588714699945E11
3.7562588714700745E11
3.756266580389819E11
3.756266580389895E11
3.756274289317551E11
3.756274289317631E11
3.756281998253195E11
3.756281998253274E11
3.756289707196752E11
3.756289707196832E11
3.7562974161482166E11
3.756297416148295E11
3.756305125107593E11
3.756305125107673E11
3.7563128340748804E11
3.756312834074959E11
3.756320543050076E11
3.756320543050153E11
3.756328252033183E11
3.75632825203326E11
3.756335961024204E11
3.75633596102428E11
3.7563436700231287E11
3.756343670023207E11
3.756351379029969E11
3.756351379030045E11
3.756359088044718E11
3.756359088044796E11
3.7563667970673773E11
3.756366797067453E11
3.756374506097947E11
3.756374506098027E11
3.756382215136428E11
3.7563822151365063E11
3.75638992418282E11
3.756389924182898E11
3.7563976332371185E11
3.756397633237198E11
3.756405342299332E11
3.756405342299408E11
3.756413051369454E11
3.756413051369532E11
3.7564207604474854E11
3.7564207604475635E11
3.75642846953343E11
3.756428469533507E11
3.756436178627283E11
3.7564361786273615E11
3.756443887729048E11
3.756443887729126E11
3.756451596838722E11
3.7564515968388007E11
3.756459305956307E11
3.7564593059563837E11
3.7564670150818024E11
3.756467015081881E11
3.756474724215207E11
3.7564747242152856E11
3.756482433356523E11
3.756482433356602E11
3.75649014250575E11
3.756490142505828E11
3.7564978516628876E11
3.7564978516629663E11
3.756505560827936E11
3.756505560828014E11
3.7565132700008923E11
3.756513270000973E11
3.756520979181761E11
3.7565209791818396E11
3.756528688370542E11
3.7565286883706195E11
3.7565363975672296E11
3.756536397567307E11
3.756544106771832E11
3.756544106771911E11
3.756551815984341E11
3.756551815984419E11
3.756559525204762E11
3.75655952520484E11
3.756567234433092E11
3.7565672344331714E11
3.756574943669333E11
3.756574943669412E11
3.756582652913486E11
3.756582652913564E11
3.7565903621655493E11
3.7565903621656274E11
3.7565980714255237E11
3.7565980714256006E11
3.7566057806934064E11
3.7566057806934827E11
3.756613489969201E11
3.7566134899692773E11
3.756621199252903E11
3.75662119925298E11
3.756628908544519E11
3.756628908544598E11
3.7566366178440454E11
3.7566366178441235E11
3.7566443271514813E11
3.7566443271515576E11
3.7566520364668274E11
3.756652036466905E11
3.756659745790084E11
3.756659745790162E11
3.75666745512125E11
3.756667455121328E11
3.7566751644603265E11
3.756675164460405E11
3.7566828738073157E11
3.756682873807394E11
3.7566905831622125E11
3.7566905831622925E11
3.7566982925250226E11
3.756698292525101E11
3.7567060018957416E11
3.7567060018958185E11
3.75671371127437E11
3.7567137112744495E11
3.7567214206609125E11
3.756721420660989E11
3.756729130055363E11
3.7567291300554407E11
3.756736839457722E11
3.7567368394578E11
3.7567445488679944E11
3.7567445488680725E11
3.7567522582861774E11
3.756752258286255E11
3.7567599677122687E11
3.7567599677123474E11
3.756767677146272E11
3.7567676771463495E11
3.756775386588186E11
3.7567753865882635E11
3.7567830960380096E11
3.7567830960380865E11
3.756790805495744E11
3.756790805495822E11
3.7567985149613885E11
3.756798514961464E11
3.756806224434943E11
3.7568062244350195E11
3.756813933916407E11
3.756813933916487E11
3.756821643405785E11
3.756821643405862E11
3.756829352903071E11
3.7568293529031506E11
3.756837062408267E11
3.7568370624083435E11
3.7568447719213745E11
3.756844771921451E11
3.756852481442393E11
3.756852481442472E11
3.75686019097132E11
3.7568601909714E11
3.756867900508159E11
3.756867900508239E11
3.7568756100529083E11
3.756875610052988E11
3.7568833196055695E11
3.7568833196056494E11
3.756891029166141E11
3.756891029166217E11
3.7568987387346185E11
3.7568987387346985E11
3.75690644831101E11
3.756906448311088E11
3.7569141578953125E11
3.7569141578953906E11
3.7569218674875226E11
3.7569218674876025E11
3.756929577087646E11
3.756929577087724E11
3.756937286695679E11
3.7569372866957556E11
3.756944996311622E11
3.756944996311701E11
3.7569527059354736E11
3.756952705935552E11
3.75696041556724E11
3.756960415567319E11
3.7569681252069135E11
3.7569681252069904E11
3.756975834854497E11
3.756975834854575E11
3.7569835445099945E11
3.756983544510071E11
3.756991254173399E11
3.756991254173479E11
3.756998963844716E11
3.756998963844796E11
3.757006673523943E11
3.757006673524023E11
3.7570143832110803E11
3.7570143832111597E11
3.7570220929061273E11
3.757022092906207E11
3.7570298026090875E11
3.757029802609163E11
3.7570375123199536E11
3.757037512320033E11
3.757045222038734E11
3.757045222038812E11
3.7570529317654236E11
3.7570529317655023E11
3.7570606415000226E11
3.7570606415001013E11
3.757068351242536E11
3.757068351242612E11
3.757076060992954E11
3.7570760609930334E11
3.7570837707512854E11
3.7570837707513666E11
3.7570914805175275E11
3.757091480517607E11
3.75709919029168E11
3.757099190291758E11
3.757106900073741E11
3.757106900073821E11
3.757114609863716E11
3.757114609863794E11
3.757122319661599E11
3.757122319661677E11
3.757130029467393E11
3.7571300294674713E11
3.757137739281097E11
3.7571377392811755E11
3.75714544910271E11
3.75714544910279E11
3.757153158932238E11
3.757153158932316E11
3.7571608687696716E11
3.757160868769749E11
3.7571685786150195E11
3.7571685786150995E11
3.7571762884682764E11
3.7571762884683545E11
3.7571839983294415E11
3.7571839983295233E11
3.757191708198519E11
3.7571917081985974E11
3.7571994180755084E11
3.7571994180755884E11
3.757207127960405E11
3.7572071279604865E11
3.757214837853217E11
3.757214837853293E11
3.757222547753937E11
3.757222547754014E11
3.757230257662565E11
3.757230257662645E11
3.7572379675791064E11
3.7572379675791833E11
3.757245677503557E11
3.7572456775036334E11
3.7572533874359155E11
3.757253387435998E11
3.757261097376191E11
3.757261097376269E11
3.7572688073243713E11
3.757268807324448E11
3.757276517280464E11
3.757276517280541E11
3.7572842272444653E11
3.757284227244545E11
3.7572919372163794E11
3.757291937216457E11
3.7572996471962036E11
3.757299647196282E11
3.757307357183937E11
