9.627308598782465
8.737406626887013
8.330357562329425
8.130558679242355
8.02178257667779
7.954049657289863
7.905580722635293
7.866783310824802
7.833383151411252
7.803441667445842
7.776050342124869
7.750756133088666
7.727307830907838
7.705543993863264
7.685343531516157
7.666604055909662
7.649232536935483
7.633141391697774
7.618246951762066
7.604468948863705
7.591730415807682
7.579957736783395
7.569080732104476
7.559032729760699
7.54975060620867
7.54117479211207
7.5332492444808254
7.5259213889840915
7.519142036985309
7.512865281913906
7.507048379334834
7.501651614685278
7.496638162205425
7.491973938140311
7.487627450854771
7.483569650096132
7.4797737772643424
7.476215218210894
7.472871359785617
7.469721451084351
7.466746470118499
7.463928996427707
7.461253089986666
7.4587041766135265
7.456268939968449
7.453935220132487
7.451691918678488
7.449528910082718
7.447436959277442
7.4454076451085
7.443433289435555
7.441506891595046
7.439622067935719
7.437772996131619
7.435954363977911
7.434161322378515
7.4323894422415915
7.430634675008021
7.428893316548725
7.427161974178827
7.425437536549298
7.4237171461900235
7.4219981744916
7.420278198926597
7.418554982323994
7.416826454023596
7.415090692749293
7.413345911052175
7.411590441185521
7.409822722284706
7.408041288734828
7.406244759618618
7.4044318291459446
7.402601257974361
7.400751865338196
7.398882521910415
7.396992143328304
7.395079684320225
7.3931441333759444
7.391184507908551
7.389199849860636
7.387189221711565
7.38515170284698
7.3830863862550355
7.380992375517281
7.378868782065307
7.376714722676731
7.3745293171869255
7.372311686395025
7.370060950144782
7.367776225563031
7.365456625439837
7.363101256736351
7.360709219207582
7.35827960412872
7.355811493114679
7.353303957023879
7.3507560549378095
7.348166833209259
7.345535324572625
7.342860547310453
7.340141504471149
7.337377183133294
7.3345665537125555
7.331708569307722
7.3288021650828385
7.3258462576827466
7.322839744679888
7.3197815040503285
7.316670393677543
7.313505250882551
7.310284891979444
7.307008111855416
7.303673683574848
7.300280358006943
7.29682686347678
7.293311905439843
7.289734166180016
7.286092304531513
7.282384955624996
7.278610730658597
7.274768216694327
7.270855976480772
7.266872548302842
7.262816445859544
7.258686158170722
7.254480149513905
7.250196859392313
7.245834702535223
7.241392068931844
7.236867323899979
7.232258808190665
7.227564838130044
7.2227837057997295
7.217913679256876
7.212953002795129
7.207899897247715
7.202752560333724
7.197509167048664
7.192167870100402
7.186726800391277
7.181184067547405
7.17553776049583
7.169785948090248
7.163926679785794
7.157957986363423
7.151877880704036
7.14568435861264
7.139375399692495
7.132948968269055
7.126403014363459
7.119735474715096
7.112944273852483
7.106027325211787
7.098982532301825
7.091807789914449
7.084500985378895
7.077059999858513
7.069482709688211
7.061766987750636
7.053910704888967
7.045911731354199
7.037767938284329
7.029477199213013
7.0210373916049456
7.012446398415102
7.003702109668927
6.994802424060439
6.985745250565068
6.976528510064086
6.9671501369772955
6.957608080900778
6.947900308246329
6.938024803879282
6.927979572751481
6.917762641526115
6.907372060191214
6.89680590365878
6.886062273346433
6.875139298738772
6.864035138925596
6.852747984114459
6.8412760571149995
6.8296176147928485
6.817770949490962
6.805734390416525
6.793506304991698
6.781085100166819
6.768469223694673
6.755657165365001
6.742647458198291
6.729438679598404
6.716029452463682
6.7024184462564245
6.688604378030878
6.674586013420122
6.660362167582291
6.645931706107028
6.631293545883023
6.616446655927722
6.601390058180605
6.586122828261285
6.57064409619412
6.554953047100932
6.539048921863549
6.522931017758046
6.50659868906259
6.490051347640691
6.473288463501915
6.456309565341868
6.43911424106348
6.421702138281314
6.404072964810803
6.3862264891440494
6.3681625409139375
6.349881011347902
6.331381853712942
6.312665083752964
6.293730780119665
6.274579084797887
6.255210203526192
6.235624406213275
6.215822027350685
6.195803466422011
6.17556918830865
6.155119723692001
6.134455669451734
6.113577689059662
6.092486512968495
6.071182938994646
6.049667832693953
6.0279421277292125
6.006006826228105
5.983862999130037
5.961511786520168
5.938954397948992
5.9161921127354455
5.893226280251636
5.870058320187128
5.846689722790555
5.823122049086407
5.799356931064754
5.775396071841507
5.751241245787035
5.726894298620676
5.70235714746892
5.677631780884892
5.652720258826935
5.627624712593959
5.602347344715465
5.576890428794121
5.551256309298761
5.525447401306017
5.49946619018856
5.473315231248318
5.446997149292964
5.42051463815422
5.393870460146477
5.367067445464594
5.340108491519677
5.31299656221187
5.285734687139352
5.258325960742857
5.230773541385154
5.203080650365167
5.175250570866509
5.14728664684036
5.119192281822818
5.0909709376869925
5.062626133330254
5.034161443297233
5.005580496339305
4.976886973911468
4.948084608607639
4.919177182535594
4.890168525632847
4.861062513924988
4.8318630677281
4.802574149796963
4.773199763420936
4.743743950469567
4.714210789389956
4.6846043931581605
4.65492890718695
4.625188507192339
4.595387397021394
4.565529806443945
4.5356199889108915
4.505662219281774
4.47566079152455
4.4456200163903175
4.415544219065998
4.385437736807895
4.355304916559121
4.3251501125539535
4.294977683912119
4.264791992226081
4.234597399144409
4.204398263954269
4.174198941166059
4.144003778103319
4.113817112500825
4.083643270113913
4.0534865623419885
4.0233512838691015
3.9932417103244604
3.963162095965742
3.933116671387864
3.9031096412600084
3.8731451820934337
3.8432274400427002
3.8133605287427135
3.7835485271840112
3.7537954776286204
3.724105383568637
3.694482207729709
3.6649298701214277
3.6354522461365537
3.6060531647008998
3.5767364064756157
3.5475057021134937
3.518364730570778
3.4893171174759177
3.4603664335565547
3.4315161931259195
3.40276985262974
3.3741308092546105
3.3456023995987016
3.3171878984055208
3.2888905173614535
3.2607134039574985
3.232659640415756
3.204732242680889
3.1769341594768346
3.149268271428872
3.1217373902510785
3.0943442579990568
3.067091546387831
3.039981856174563
3.013017716605807
2.9862015849288372
2.95953584596648
2.933022811754922
2.9066647212437458
2.880463740057454
2.85442196031766
2.8285414005250322
2.802824005500022
2.777271646381365
2.7518861206812515
2.7266691523960485
2.7016223921713474
2.6767474175201444
2.6520457330928235
2.6275187709976535
2.603167891170419
2.5789943817917846
2.5549994597509977
2.5311842711544323
2.507549891877521
2.484097328158593
2.4608275172330485
2.437741328006409
2.4148395617646337
2.3921229529202
2.3695921697923663
2.3472478154200584
2.3250904284058267
2.303120483789316
2.28133839394868
2.2597445095284057
2.238339120392008
2.217122456598058
2.196094689398052
2.1752559322545904
2.1546062418784193
2.1341456192828496
2.113874010854126
2.093791309436311
2.073897355429314
2.0541919378986453
2.034674795695632
2.01534561858668
1.9962040483903827
1.977249680121139
1.958482063138128
1.9399007022983732
1.9215050591127822
1.9032945529039853
1.8852685619649083
1.8674264247169916
1.8497674408670195
1.832290872561582
1.814995945538159
1.7978818502719573
1.7809477431175438
1.764192747444452
1.7476159547659162
1.731216425859943
1.7149931918819639
1.6989452554683433
1.6830715918300387
1.6673711498357853
1.6518428530841334
1.6364856009637967
1.6212982697017149
1.6062797133983198
1.5914287650495063
1.5767442375548368
1.5622249247115503
1.5478696021939748
1.5336770285179508
1.5196459459899367
1.505775081640454
1.4920631481416209
1.4785088447084482
1.4651108579837173
1.451867862906181
1.438778523561934
1.425841494018743
1.4130554191432367
1.4004189354008227
1.3879306716381925
1.375589249848412
1.3633932859184636
1.351341390359257
1.3394321690180533
1.3276642237733225
1.3160361532120384
1.3045465532894525
1.2931940179713874
1.2819771398591124
1.2708945107968912
1.259944722462284
1.2491263669393122
1.2384380372745951
1.2278783280166163
1.2174458357382254
1.2071391595425522
1.1969569015524866
1.1868976673838967
1.1769600666027662
1.167142713166445
1.1574442258492024
1.1478632286522905
1.138398351198733
1.1290482291130517
1.119811504386155
1.1106868257256186
1.1016728488915957
1.0927682370185827
1.0839716609232917
1.075281799398883
1.0666973394957782
1.0582169767893392
1.0498394156346487
1.0415633694086357
1.0333875607398406
1.0253107217260327
1.0173315941399839
1.0094489296236144
1.001661489870818
0.9939680467991826
0.9863673827109022
0.9788582904431159
0.9714395735079546
0.9641100462225272
0.9568685338291323
0.9497138726059317
0.942644909968346
0.9356605045614301
0.928759526343464
0.9219408566610329
0.9152033883158139
0.9085460256233349
0.9019676844639417
0.8954672923261959
0.8890437883429751
0.8826961233204651
0.8764232597603074
0.870224171875116
0.8640978455975844
0.858043278583406
0.8520594802082287
0.8461454715588524
0.8403002854188787
0.8345229662490223
0.8288125701622882
0.8231681648942044
0.8175888297683219
0.812073655657154
0.806621744938762
0.8012322114491545
0.7959041804306952
0.7906367884766862
0.7854291834723042
0.7802805245320523
0.7751899819339081
0.7701567370503072
0.7651799822761381
0.7602589209538949
0.7553927672961379
0.7505807463054107
0.7458220936917536
0.7411160557879554
0.7364618894626738
0.7318588620315672
0.7273062511665518
0.7228033448033147
0.7183494410472115
0.7139438480776528
0.7095858840511007
0.7052748770027858
0.7010101647472563
0.6967910947778466
0.6926170241651876
0.688487319454844
0.6844013565641744
0.6803585206785014
0.6763582061466953
0.6723998163762362
0.6684827637278467
0.664606469409783
0.6607703633718376
0.6569738841991526
0.6532164790058956
0.6494976033288787
0.6458167210211734
0.6421733041457991
0.6385668328695309
0.6349967953568977
0.6314626876644122
0.6279640136350992
0.6245002847933624
0.6210710202402422
0.617675746549115
0.6143139976618655
0.6109853147855906
0.6076892462898569
0.6044253476045662
0.6011931811184534
0.5979923160782517
0.5948223284885651
0.5916828010124718
0.5885733228728828
0.5854934897546998
0.5824429037077705
0.5794211730506954
0.5764279122754824
0.5734627419530833
0.570525288639833
0.5676151847847958
0.564732068638048
0.5618755841599108
0.5590453809311375
0.556241114064077
0.5534624441148188
0.5507090369963382
0.5479805638926379
0.5452767011739033
0.54259713031268
0.5399415378010667
0.5373096150689485
0.5347010584032503
0.5321155688682377
0.5295528522268507
0.5270126188630745
0.524494583705362
0.5219984661510825
0.5195239899920232
0.5170708833409203
0.5146388785590319
0.5122277121847406
0.5098371248631909
0.5074668612769505
0.505116670077694
0.5027863038189063
0.5004755188895932
0.4981840754490049
0.49591173736235317
0.4936582721375284
0.49142345086279593
0.48920704814547655
0.4870088420515979
0.48482861404650424
0.48266614893642823
0.4805212348110034
0.47839366298671654
0.4762832279512875
0.4741897273089675
0.47211296172674905
0.47005273488147253
0.4680088534078239
0.4659811268472121
0.46396936759751584
0.4619733908636908
0.45999301460922176
0.45802805950841735
0.45607834889952975
0.4541437087386923
0.45222396755466365
0.4503189564043643
0.44842850882920315
0.44655246081217015
0.4446906507356991
0.44284291934027836
0.44100910968380325
0.4391890671016568
0.4373826391675123
0.4355896756548445
0.43381002849913314
0.4320435517607604
0.43029010158857806
0.4285495361841443
0.4268217157666119
0.425106502538262
0.4234037606506727
0.42171335617150746
0.4200351570519173
0.41836903309455065
0.4167148559221445
0.4150724989467104
0.41344183733928214
0.4118227480002323
0.4102151095301378
0.40861880220119057
0.4070337079291397
0.4054597102457565
0.40389669427181807
0.40234454669059055
0.4008031557218106
0.39927241109615585
0.39775220403018785
0.39624242720177166
0.394742974725948
0.39325374213126
0.3917746263365287
0.390305525628055
0.38884633963725324
0.3873969693187037
0.38595731692861407
0.3845272860036839
0.3831067813403658
0.38169570897451427
0.3802939761614116
0.37890149135617035
0.37751816419449985
0.37614390547382853
0.3747786271347839
0.3734222422430099
0.3720746649713261
0.37073581058221916
0.369405595410654
0.3680839368472079
0.36677075332151504
0.36546596428601447
0.3641694902000003
0.36288125251396525
0.3616011736542329
0.3603291770078661
0.3590651869078607
0.3578091286186038
0.3565609283215994
0.3553205131014549
0.3540878109321206
0.35286275066338146
0.3516452620075913
0.35043527552664877
0.34923272261920724
0.34803753550811445
0.3468496472280795
0.3456689916135604
0.3444955032868674
0.34332911764647905
0.3421697708555665
0.34101739983072354
0.33987194223089195
0.33873333644648673
0.3376015215887111
0.3364764374790611
0.3353580246390117
0.33424622427988604
0.33314097829290046
0.33204222923938237
0.3309499203411599
0.3298639954711154
0.328784399143904
0.32771107650683184
0.32664397333089057
0.3255830360019447
0.32452821151207173
0.32347944745104856
0.3224366919979812
0.3213998939130789
0.3203690025295658
0.31934396774572826
0.31832474001709876
0.31731127034876505
0.3163035102878144
0.31530141191589833
0.3143049278419257
0.31331401119487023
0.3123286156167035
0.31134869525544084
0.3103742047583003
0.30940509926497733
0.3084413344010244
0.3074828662713426
0.30652965145377675
0.3055816469928134
0.3046388103933813
0.30370109961475267
0.30276847306453947
0.3018408895927881
0.3009183084861662
0.30000068946224384
0.2990879926638629
0.29818017865359675
0.2972772084082975
0.2963790433137275
0.2954856451592754
0.2945969761327549
0.29371299881528384
0.29283367617624456
0.29195897156831757
0.2910888487225972
0.2902232717437796
0.28936220510542277
0.2885056136452845
0.287653462560723
0.28680571740417754
0.28596234407870713
0.28512330883360487
0.2842885782600739
0.28345811928696824
0.2826318991766007
0.28180988552060987
0.2809920462358882
0.2801783495605761
0.2793687640501073
0.2785632585733202
0.27776180230861924
0.2769643647401992
0.27617091565431934
0.27538142513563746
0.27459586356359056
0.27381420160883324
0.27303641022972613
0.2722624606688752
0.27149232444971866
0.270725973373166
0.2699633795142845
0.2692045152190305
0.26844935310103013
0.2676978660384037
0.2669500271706376
0.26620580989549714
0.26546518786598466
0.26472813498734205
0.26399462541408986
0.2632646335471142
0.26253813403079057
0.26181510175014844
0.26109551182807444
0.260379339622555
0.2596665607239587
0.25895715095235217
0.2582510863548556
0.2575483432030343
0.2568488979903256
0.25615272742949813
0.2554598084501516
0.2547701181962455
0.2540836340236599
0.25340033349779767
0.25272019439120863
0.2520431946812508
0.25136931254778444
0.25069852637089246
0.25003081472863575
0.2493661563948347
0.24870453033688183
0.2480459157135832
0.24739029187302988
0.24673763835049342
0.246087934866353
0.24544116132404714
0.24479729780805648
0.24415632458190462
0.24351822208619459
0.24288297093666397
0.2422505519222682
0.24162094600328854
0.24099413430946345
0.24037009813814506
0.23974881895247865
0.23913027837960613
0.23851445820889094
0.23790134039016875
0.23729090703201686
0.23668314040004787
0.23607802291522473
0.23547553715219596
0.23487566583765257
0.23427839184870816
0.23368369821129345
0.23309156809857776
0.23250198482940518
0.23191493186675338
0.2313303928162101
0.2307483514244681
0.23016879157784143
0.22959169730079743
0.2290170527545078
0.22844484223541792
0.22787505017383375
0.2273076611325244
0.22674265980534572
0.22618003101587728
0.225619759716076
0.22506183098494859
0.22450623002723957
0.2239529421721325
0.22340195287197084
0.22285324770099174
0.22230681235407576
0.2217626326455126
0.2212206945077797
0.2206809839903377
0.22014348725843935
0.21960819059195166
0.21907508038419468
0.21854414314079132
0.21801536547853304
0.21748873412425646
0.2169642359137385
0.21644185779059694
0.21592158680521045
0.2154034101136488
0.21488731497661484
0.21437328875840198
0.21386131892585858
0.21335139304737147
0.21284349879185488
0.21233762392775457
0.21183375632206386
0.21133188393934932
0.2108319948407881
0.21033407718321728
0.20983811921819537
0.2093441092910699
0.20885203584006168
0.2083618873953544
0.20787365257820095
0.20738732010003175
0.20690287876158017
0.20642031745201478
0.20593962514808303
0.20546079091326205
0.20498380389692245
0.2045086533334992
0.2040353285416725
0.20356381892355885
0.20309411396391053
0.20262620322932234
0.20216007636745165
0.20169572310624254
0.20123313325316097
0.20077229669443877
0.20031320339432482
0.19985584339434598
0.1994002068125745
0.19894628384290466
0.1984940647543392
0.19804353989027837
0.19759469966782361
0.19714753457708356
0.19670203518049006
0.19625819211212162
0.19581599607703423
0.19537543785059824
0.19493650827784503
0.19449919827281817
0.1940634988179335
0.1936294009633448
0.1931968958263181
0.19276597459061062
0.1923366285058589
0.19190884888697063
0.19148262711352568
0.19105795462918365
0.19063482294109346
0.19021322361931553
0.1897931482962462
0.18937458866604892
0.188957536484093
0.1885419835663958
0.18812792178907234
0.18771534308779322
0.18730423945724245
0.1868946029505869
0.1864864256789479
0.18607969981087946
0.18567441757185182
0.1852705712437418
0.1848681531643252
0.18446715572677924
0.18406757137918459
0.18366939262403947
0.18327261201777134
0.1828772221702594
0.18248321574436072
0.18209058545543855
0.18169932407089895
0.18130942440973097
0.1809208793420519
0.18053368178865536
0.1801478247205677
0.17976330115860473
0.1793801041729375
0.17899822688265765
0.17861766245535232
0.1782384041066791
0.17786044509994817
0.17748377874570664
0.17710839840132991
0.17673429747061342
0.17636146940337266
0.17598990769504297
0.1756196058862879
0.1752505575626076
0.17488275635395412
0.17451619593434806
0.17415087002150118
0.1737867723764423
0.17342389680314618
0.17306223714816615
0.17270178730027183
0.17234254119008907
0.17198449278974426
0.17162763611251183
0.1712719652124644
0.17091747418412925
0.17056415716214487
0.17021200832092287
0.1698610218743127
0.16951119207526968
0.16916251321552644
0.1688149796252676
0.16846858567280726
0.16812332576427114
0.16777919434327904
0.16743618589063355
0.1670942949240092
0.16675351599764712
0.16641384370204967
0.16607527266368177
0.16573779754467183
0.16540141304251654
0.16506611388979045
0.16473189485385528
0.16439875073657492
0.16406667637403033
0.16373566663624048
0.16340571642688242
0.16307682068301743
0.16274897437481722
0.16242217250529412
0.16209641011003342
0.16177168225692928
0.16144798404592023
0.16112531060873145
0.16080365710861583
0.16048301874009957
0.16016339072872962
0.15984476833082326
0.15952714683322017
0.15921052155303805
0.15889488783742745
0.15858024106333357
0.1582665766372551
0.15795388999501
0.15764217660149993
0.15733143195047966
0.157021651564326
0.15671283099381175
0.15640496581787902
0.1560980516434168
0.155792084105039
0.15548705886486633
0.1551829716123081
0.15487981806384768
0.15457759396283
0.15427629507924848
0.15397591720953865
0.15367645617636838
0.1533779078284351
0.1530802680402592
0.15278353271198555
0.15248769776918242
0.1521927591626437
0.15189871286819293
0.1516055548864888
0.1513132812428341
0.1510218879869827
0.1507313711929535
0.15044172695883984
0.15015295140662674
0.14986504068200657
0.14957799095419486
0.14929179841575332
0.1490064592824077
0.14872196979287253
0.1484383262086741
0.14815552481397812
0.1478735619154154
0.1475924338419122
0.1473121369445201
0.14703266759624906
0.1467540221918997
0.14647619714789914
0.14619918890213798
0.14592299391380767
0.14564760866324042
0.14537302965175003
0.14509925340147378
0.14482627645521753
0.14455409537629874
0.14428270674839486
0.14401210717539029
0.1437422932812261
0.1434732617097495
0.14320500912456735
0.1429375322088977
0.14267082766542488
0.1424048922161568
0.14213972260227853
0.14187531558401312
0.14161166794048108
0.14134877646955984
0.14108663798774654
0.14082524933002094
0.14056460734970994
0.14030470891835273
0.14004555092556717
0.1397871302789192
0.13952944390378985
0.13927248874324685
0.13901626175791446
0.13876075992584752
0.13850598024240338
0.13825191972011727
0.13799857538857807
0.13774594429430362
0.13749402350062045
0.1372428100875414
0.13699230115164474
0.1367424938059575
0.13649338517983453
0.13624497241884273
0.13599725268464563
0.1357502231548863
0.13550388102307478
0.13525822349847508
0.1350132478059914
0.13476895118605806
0.1345253308945288
0.13428238420256722
0.1340401083965391
0.1337985007779032
0.13355755866310676
0.13331727938347712
0.13307766028511991
0.1328386987288119
0.1326003920899
0.13236273775819873
0.13212573313788736
0.13188937564741143
0.13165366271938142
0.13141859180047427
0.13118416035133543
0.1309503658464818
0.13071720577420468
0.1304846776364745
0.1302527789488461
0.13002150724036393
0.12979086005346951
0.12956083494390883
0.12933142948063892
0.1291026412457399
0.12887446783432183
0.12864690685443686
0.12841995592698963
0.128193612685649
0.12796787477676158
0.12774273985926435
0.12751820560459892
0.12729426969662633
0.12707092983154245
0.12684818371779358
0.12662602907599446
0.12640446363884453
0.12618348515104683
0.1259630913692266
0.12574328006185037
0.1255240490091466
0.12530539600302654
0.12508731884700486
0.12486981535612209
0.1246528833568677
0.1244365206871033
0.12422072519598476
0.12400549474388976
0.12379082720234011
0.12357672045392977
0.12336317239224877
0.12315018092181174
0.12293774395798503
0.1227258594269147
0.12251452526545427
0.12230373942109551
0.12209349985189713
0.12188380452641445
0.12167465142363165
0.12146603853289287
0.12125796385383245
0.12105042539630982
0.12084342118034072
0.12063694923603174
0.12043100760351325
0.12022559433287514
0.12002070748410125
0.11981634512700469
0.11961250534116456
0.1194091862158623
0.11920638585001804
0.11900410235212905
0.11880233384020754
0.1186010784417188
0.11840033429352098
0.11820009954180334
0.11800037234202701
0.11780115085886596
0.11760243326614564
0.11740421774678735
0.11720650249274753
0.11700928570496061
0.11681256559328278
0.11661634037643315
0.11642060828193887
0.11622536754607861
0.11603061641382618
0.11583635313879703
0.11564257598319136
0.11544928321774153
0.11525647312165699
0.11506414398257153
0.1148722940964897
0.11468092176773385
0.114490025308893
0.11429960304076876
0.11410965329232631
0.11392017440064145
0.11373116471085011
0.113542622576099
0.11335454635749428
0.11316693442405246
0.11297978515265182
0.11279309692798244
0.11260686814249804
0.11242109719636835
0.11223578249743023
0.1120509224611418
0.11186651551053331
0.11168256007616259
0.11149905459606707
0.11131599751571805
0.11113338728797541
0.11095122237304242
0.11076950123841947
0.110588222358861
0.11040738421632984
0.11022698529995392
0.11004702410598231
0.10986749913774173
0.10968840890559321
0.1095097519268908
0.10933152672593655
0.10915373183394074
0.10897636578897908
0.10879942713595112
0.10862291442653874
0.10844682621916629
0.10827116107895941
0.10809591757770372
0.10792109429380653
0.1077466898122557
0.10757270272458148
0.10739913162881594
0.1072259751294546
0.10705323183741884
0.10688090037001612
0.10670897935090239
0.10653746741004488
0.10636636318368396
0.10619566531429596
0.10602537245055643
0.10585548324730407
0.1056859963655024
0.10551691047220531
0.10534822424052118
0.10517993634957573
0.10501204548447789
0.10484455033628469
0.10467744960196512
0.10451074198436684
0.10434442619218133
0.10417850093990934
0.10401296494782722
0.10384781694195368
0.10368305565401538
0.10351867982141438
0.10335468818719541
0.10319107950001252
0.103027852514097
0.10286500598922416
0.10270253869068315
0.10254044938924334
0.10237873686112328
0.10221739988795972
0.1020564372567761
0.10189584775995135
0.1017356301951895
0.10157578336548932
0.10141630607911355
0.10125719714955903
0.10109845539552696
0.10094007964089279
0.10078206871467735
0.10062442145101716
0.10046713668913507
0.10031021327331216
0.10015365005285867
0.09999744588208555
0.0998415996202758
0.09968611013165728
0.09953097628537379
0.09937619695545824
0.09922177102080497
0.09906769736514155
0.09891397487700322
0.09876060244970425
0.09860757898131244
0.09845490337462218
0.0983025745371279
0.0981505913809975
0.09799895282304762
0.09784765778471587
0.09769670519203703
0.09754609397561607
0.09739582307060386
0.0972458914166714
0.09709629795798472
0.09694704164318026
0.09679812142534093
0.09664953626197031
0.09650128511496897
0.09635336695061036
0.09620578073951708
0.09605852545663586
0.09591160008121538
0.09576500359678192
0.09561873499111569
0.0954727932562282
0.09532717738833954
0.09518188638785424
0.09503691925933987
0.09489227501150317
0.09474795265716886
0.0946039512132561
0.09446026970075763
0.09431690714471617
0.0941738625742048
0.09403113502230205
0.09388872352607422
0.09374662712655017
0.09360484486870296
0.0934633758014266
0.09332221897751675
0.09318137345364842
0.09304083829035627
0.092900612552013
0.09276069530681008
0.09262108562673657
0.09248178258755883
0.09234278526880119
0.0922040927537255
0.09206570412931113
0.09192761848623578
0.09178983491885599
0.0916523525251866
0.09151517040688308
0.09137828766922108
0.09124170342107844
0.0911054167749149
0.09096942684675437
0.09083373275616662
0.09069833362624666
0.09056322858359897
0.09042841675831724
0.09029389728396703
0.09015966929756694
0.09002573193957211
0.08989208435385432
0.08975872568768611
0.08962565509172203
0.08949287171998142
0.08936037472983106
0.08922816328196785
0.08909623654040134
0.08896459367243768
0.08883323384866086
0.0887021562429175
0.08857136003229941
0.08844084439712682
0.08831060852093212
0.0881806515904432
0.08805097279556744
0.08792157132937492
0.0877924463880828
0.08766359717103901
0.08753502288070658
0.08740672272264766
0.08727869590550759
0.08715094164099957
0.08702345914388877
0.08689624763197759
0.08676930632608953
0.08664263445005414
0.08651623123069252
0.08639009589780114
0.086264227684138
0.08613862582540673
0.08601328956024273
0.08588821813019808
0.08576341077972664
0.08563886675616983
0.08551458530974283
0.0853905656935188
0.08526680716341613
0.08514330897818345
0.08502007039938558
0.08489709069139016
0.08477436912135286
0.0846519049592046
0.08452969747763646
0.08440774595208789
0.08428604966073118
0.08416460788445981
0.08404341990687339
0.08392248501426568
0.08380180249561026
0.08368137164254906
0.08356119174937673
0.08344126211303045
0.08332158203307483
0.08320215081168997
0.08308296775365916
0.08296403216635546
0.08284534335972912
0.08272690064629576
0.08260870334112282
0.08249075076181853
0.0823730422285183
0.08225557706387353
0.08213835459303873
0.08202137414366004
0.08190463504586244
0.08178813663223863
0.0816718782378371
0.08155585920014927
0.08144007885909924
0.08132453655703148
0.08120923163869877
0.08109416345125131
0.08097933134422541
0.08086473466953141
0.08075037278144315
0.08063624503658591
0.08052235079392613
0.0804086894147596
0.08029526026270045
0.08018206270367098
0.08006909610588953
0.07995635983986028
0.07984385327836295
0.07973157579644131
0.07961952677139211
0.07950770558275606
0.07939611161230596
0.07928474424403681
0.07917360286415445
0.07906268686106697
0.07895199562537307
0.07884152854985188
0.07873128502945324
0.0786212644612875
0.07851146624461565
0.07840188978083847
0.0782925344734877
0.07818339972821503
0.07807448495278363
0.07796578955705719
0.0778573129529907
0.07774905455462067
0.0776410137780561
0.07753319004146753
0.0774255827650794
0.0773181913711593
0.07721101528400873
0.07710405392995401
0.07699730673733773
0.07689077313650801
0.07678445255981053
0.07667834444157853
0.0765724482181251
0.07646676332773229
0.07636128921064404
0.07625602530905538
0.07615097106710582
0.0760461259308681
0.07594148934834143
0.07583706076944151
0.07573283964599237
0.075628825431718
0.07552501758223373
0.07542141555503618
0.07531801880949779
0.07521482680685544
0.07511183901020423
0.07500905488448728
0.07490647389648977
0.074804095514828
0.07470191920994367
0.07459994445409396
0.07449817072134435
0.07439659748756045
0.0742952242303999
0.07419405042930423
0.07409307556549101
0.0739922991219463
0.07389172058341685
0.07379133943640166
0.07369115516914469
0.07359116727162707
0.07349137523555989
0.0733917785543757
0.07329237672322175
0.07319316923895208
0.07309415560011993
0.07299533530697029
0.07289670786143343
0.07279827276711587
0.07270002952929402
0.07260197765490753
0.07250411665255056
0.07240644603246583
0.0723089653065368
0.07221167398828031
0.0721145715928403
0.07201765763698073
0.07192093163907722
0.07182439311911165
0.07172804159866446
0.07163187660090824
0.07153589765059974
0.07144010427407461
0.0713444959992395
0.07124907235556541
0.07115383287408168
0.07105877708736863
0.0709639045295511
0.07086921473629187
0.07077470724478502
0.07068038159374986
0.07058623732342338
0.07049227397555487
0.07039849109339928
0.07030488822171008
0.07021146490673329
0.07011822069620219
0.07002515513932941
0.06993226778680123
0.06983955819077198
0.06974702590485703
0.06965467048412728
0.06956249148510227
0.06947048846574459
0.06937866098545432
0.06928700860506172
0.06919553088682222
0.06910422739441018
0.06901309769291285
0.06892214134882439
0.06883135793004069
0.0687407470058523
0.06865030814693979
0.06856004092536716
0.06846994491457674
0.06838001968938277
0.06829026482596637
0.0682006799018691
0.06811126449598853
0.06802201818857133
0.0679329405612081
0.06784403119682873
0.06775528967969562
0.06766671559539864
0.06757830853085017
0.06749006807427875
0.06740199381522437
0.06731408534453319
0.06722634225435122
0.06713876413812037
0.06705135059057195
0.06696410120772202
0.06687701558686612
0.0667900933265743
0.06670333402668495
0.06661673728830053
0.06653030271378234
0.0664440299067454
0.066357918472053
0.06627196801581194
0.06618617814536712
0.06610054846929811
0.06601507859741135
0.06592976814073757
0.06584461671152618
0.06575962392324017
0.06567478939055084
0.06559011272933424
0.06550559355666491
0.06542123149081189
0.06533702615123381
0.0652529771585742
0.06516908413465632
0.06508534670247909
0.06500176448621155
0.06491833711118933
0.06483506420390937
0.06475194539202488
0.06466898030434182
0.06458616857081301
0.06450350982253522
0.06442100369174293
0.06433864981180495
0.06425644781721938
0.06417439734361025
0.06409249802772135
0.064010749507413
0.06392915142165746
0.06384770341053429
0.06376640511522617
0.06368525617801515
0.06360425624227686
0.06352340495247803
0.06344270195417087
0.06336214689398942
0.06328173941964539
0.06320147917992364
0.06312136582467819
0.06304139900482791
0.0629615783723528
0.06288190358028978
0.06280237428272761
0.0627229901348042
0.06264375079270197
0.0625646559136438
0.062485705155888624
0.06240689817872822
0.06232823464248282
0.06224971420849715
0.06217133653913613
0.06209310129778205
0.06201500814882934
0.06193705675768163
0.061859246790747474
0.06178157791543668
0.06170404980015606
0.06162666211430637
0.06154941452827809
0.061472306713447465
0.061395338342173006
0.06131850908779177
0.06124181862461553
0.061165266627927074
0.06108885277397702
0.06101257673997883
0.06093643820410706
0.060860436845492
0.0607845723442172
0.060708844381315054
0.060633252638763936
0.06055779679948415
0.06048247654733485
0.06040729156710976
0.06033224154453445
0.06025732616626247
0.060182545119872144
0.06010789809386239
0.06003338477765021
0.0599590048615664
0.059884758036853204
0.059810643995659676
0.05973666243103914
0.059662813036945775
0.0595890955082308
0.05951550954063953
0.059442054830807785
0.059368731076259375
0.05929553797540125
0.05922247522752198
0.05914954253278736
0.059076739592237526
0.059004066107783755
0.0589315217822049
0.05885910631914518
0.058786819423109746
0.05871466079946239
0.05864263015442162
0.058570727195058764
0.05849895162929358
0.058427303165891786
0.05835578151446148
0.05828438638545126
0.05821311749014547
0.05814197454066237
0.05807095724995073
0.058000065331786484
0.05792929850077078
0.05785865647232532
0.05778813896269093
0.05771774568892376
0.057647476368892406
0.05757733072127537
0.057507308465557606
0.05743740932202821
0.05736763301177665
0.05729797925669075
0.05722844777945347
0.05715903830353979
0.057089750553214316
0.057020584253528094
0.05695153913031618
0.05688261491019413
0.056813811320556316
0.056745128089571856
0.05667656494618263
0.056608121620100524
0.0565397978418043
0.0564715933425372
0.05640350785430392
0.05633554110986849
0.05626769284275053
0.056199962787223744
0.05613235067831252
0.05606485625178921
0.055997479244171894
0.05593021939272178
0.055863076435439835
0.055796050111065136
0.05572914015907174
0.05566234631966581
0.055595668333783745
0.055529105943089484
0.05546265888997112
0.05539632691753916
0.05533010976962416
0.0552640071907733
0.055198018926248586
0.055132144722024524
0.055066384324784605
0.055000737481920046
0.054935203941526296
0.05486978345240129
0.05480447576404303
0.05473928062664605
0.05467419779110078
0.05460922700898938
0.05454436803258446
0.05447962061484631
0.0544149845094207
0.054350459470635944
0.054286045253501135
0.054221741613703696
0.05415754830760691
0.0540934650922474
0.0540294917253334
0.05396562796524146
0.0539018735710156
0.05383822830236319
0.05377469191965436
0.05371126418391885
0.05364794485684377
0.053584733700771256
0.05352163047869715
0.05345863495426692
0.053395746891775946
0.05333296605616513
0.05327029221301924
0.05320772512856567
0.0531452645696711
0.05308291030383987
0.0530206620992119
0.052958519724559824
0.052896482949288066
0.052834551543429295
0.05277272527764351
0.05271100392321512
0.052649387252051094
0.05258787503667903
0.05252646705024474
0.0524651630665104
0.05240396285985229
0.05234286620525899
0.052281872878328965
0.05222098265526873
0.052160195312890976
0.052099510628612046
0.05203892838045039
0.051978448347024114
0.05191807030754963
0.05185779404183889
0.05179761933029771
0.05173754595392392
0.05167757369430555
0.05161770233361795
0.051557931654622954
0.05149826144066665
0.05143869147567624
0.05137922154416036
0.05131985143120506
0.051260580922472807
0.051201409804200695
0.051142337863198495
0.05108336488684572
0.05102449066309183
0.05096571498045208
0.05090703762800723
0.050848458395401155
0.05078997707283855
0.050731593451084224
0.05067330732145948
0.05061511847584268
0.050557026706664905
0.050499031806909865
0.05044113357011148
0.050383331790351954
0.05032562626226045
0.050268016781010914
0.05021050314232012
0.050153085142446166
0.05009576257818704
0.05003853524687832
0.04998140294639151
0.049924365475132515
0.04986742263203989
0.04981057421658261
0.04975382002875914
0.049697159869095106
0.0496405935386418
0.04958412083897468
0.049527741572190864
0.04947145554090879
0.049415262548265074
0.049359162397914075
0.04930315489402545
0.04924723984128237
0.049191417044880996
0.049135686310527456
0.04908004744443656
0.04902450025333118
0.048969044544439164
0.0489136801254927
0.048858406804726216
0.04880322439087486
0.0487481326931731
0.04869313152135298
0.04863822068564254
0.04858339999676407
0.04852866926593279
0.04847402830485507
0.048419476925726984
0.0483650149412329
0.04831064216454381
0.0482563584093149
0.048202163489686006
0.048148057220277984
0.04809403941619241
0.04804010989300988
0.047986268466788135
0.047932514954060756
0.047878849171835845
0.04782527093759437
0.04777178006928798
0.047718376385338865
0.04766505970463761
0.04761182984654111
0.04755868663087218
0.04750562987791732
0.04745265940842572
0.047399775043607456
0.04734697660513211
0.04729426391512757
0.047241636796178293
0.04718909507132392
0.047136638564058454
0.04708426709832755
0.04703198049852836
0.04697977858950739
0.046927661196559514
0.04687562814542642
0.046823679262294984
0.04677181437379599
0.04672003330700324
0.04666833588943134
0.0466167219490353
0.046565191314207735
0.04651374381377964
0.04646237927701644
0.046411097533618904
0.04635989841372066
0.0463087817478868
0.04625774736711322
0.046206795102824764
0.046155924786873526
0.04610513625153879
0.04605442932952429
0.04600380385395788
0.045953259658389964
0.045902796576791964
0.045852414443555055
0.0458021130934892
0.04575189236182159
0.045701752084195475
0.04565169209666875
0.04560171223571308
0.04555181233821191
0.04550199224145976
0.04545225178316088
0.04540259080142804
0.045353009134780915
0.045303506622145474
0.045254083102852165
0.04520473841663475
0.045155472403629354
0.045106284904373135
0.045057175759803225
0.04500814481125477
0.04495919190046071
0.044910316869550285
0.04486151956104696
0.04481279981786841
0.04476415748332503
0.04471559240111848
0.044667104415340025
0.044618693370470315
0.044570359111378376
0.04452210148331909
0.044473920331932766
0.04442581550324467
0.04437778684366269
0.04432983419997671
0.04428195741935805
0.0442341563493568
0.044186430837902364
0.044138780733301256
0.044091205884236026
0.044043706139764834
0.04399628134931963
0.04394893136270524
0.04390165603009832
0.04385445520204631
0.04380732872946574
0.04376027646364236
0.0437132982562285
0.04366639395924325
0.04361956342507074
0.04357280650645895
0.04352612305651921
0.04347951292872442
0.04343297597690842
0.04338651205526506
0.043340121018346285
0.04329380272106213
0.043247557018679245
0.043201383766819326
0.043155282821458835
0.04310925403892749
0.04306329727590771
0.0430174123894324
0.04297159923688557
0.04292585767599985
0.04288018756485669
0.04283458876188404
0.04278906112585635
0.04274360451589303
0.04269821879145762
0.04265290381235708
0.04260765943873961
0.0425624855310957
0.042517381950254535
0.04247234855738542
0.042427385213995264
0.042382491781928044
0.04233766812336409
0.042292914100818556
0.042248229577140764
0.04220361441551322
0.04215906847945081
0.042114591632799014
0.04207018373973419
0.04202584466476142
0.04198157427271477
0.04193737242875504
0.04189323899836941
0.04184917384737103
0.04180517684189681
0.04176124784840804
0.04171738673368774
0.041673593364841374
0.04162986760929457
0.04158620933479296
0.04154261840940103
0.041499094701501364
0.0414556380797934
0.041412248413292725
0.04136892557132993
0.041325669423550336
0.04128247983991233
0.041239356690686416
0.041196299846455384
0.041153309178112246
0.04111038455685982
0.04106752585421004
0.04102473294198225
0.040982005692303806
0.04093934397760718
0.0408967476706311
0.040854216644418226
0.04081175077231507
0.040769349927970475
0.04072701398533561
0.04068474281866221
0.040642536302502516
0.0406003943117075
0.040558316721427116
0.04051630340710836
0.04047435424449493
0.04043246910962683
0.04039064787883882
0.04034889042875954
0.0403071966363113
0.040265566378708664
0.04022399953345788
0.04018249597835636
0.04014105559149089
0.04009967825123768
0.0400583638362615
0.040017112225514274
0.03997592329823484
0.03993479693394793
0.039893733012463316
0.03985273141387511
0.039811792018560554
0.03977091470717979
0.03973009936067509
0.03968934586026915
0.039648654087465506
0.03960802392404681
0.03956745525207485
0.03952694795388852
0.039486501912104593
0.03944611700961582
0.03940579312959051
0.03936553015547186
0.03932532797097673
0.039285186460095836
0.03924510550709186
0.039205084996499245
0.03916512481312347
0.039125224842040195
0.03908538496859454
0.03904560507839994
0.03900588505733804
0.03896622479155784
0.038926624167474035
0.03888708307176782
0.038847601391384746
